8 0.486979 0.518750 0.012500 0.072500
6 0.101562 0.538333 0.021875 0.063333
6 0.104167 0.536667 0.022917 0.063333
5 0.218229 0.505000 0.096875 0.090000
2 0.237500 0.533333 0.095833 0.040000
2 0.239063 0.531667 0.094792 0.050000
2 0.321875 0.532500 0.064583 0.075000
2 0.356771 0.524167 0.011458 0.031667
2 0.411458 0.535000 0.064583 0.080000
8 0.447396 0.518333 0.013542 0.083333
8 0.452083 0.527500 0.016667 0.071667
5 0.572396 0.476667 0.176042 0.080000
2 0.532813 0.522500 0.078125 0.111667
2 0.517188 0.518333 0.036458 0.103333
2 0.573438 0.540833 0.096875 0.105000
8 0.752604 0.508333 0.026042 0.093333
8 0.754167 0.506667 0.025000 0.093333
