8 0.057813 0.547500 0.023958 0.098333
8 0.055729 0.554167 0.017708 0.085000
8 0.078125 0.549167 0.029167 0.095000
8 0.075521 0.550000 0.015625 0.096667
2 0.118229 0.565000 0.084375 0.090000
2 0.221354 0.554167 0.094792 0.111667
2 0.272396 0.540833 0.032292 0.085000
2 0.282292 0.529167 0.031250 0.065000
2 0.305729 0.517500 0.030208 0.065000
2 0.432292 0.519167 0.045833 0.058333
8 0.718229 0.496667 0.034375 0.130000
8 0.748437 0.499167 0.059375 0.165000
8 0.774479 0.499167 0.030208 0.135000
8 0.810937 0.515833 0.055208 0.151667
8 0.814063 0.501667 0.051042 0.163333
8 0.856771 0.545833 0.034375 0.088333
