2 0.067187 0.621667 0.134375 0.363333
2 0.169271 0.540000 0.042708 0.050000
2 0.328646 0.657500 0.328125 0.411667
8 0.559896 0.522500 0.019792 0.078333
8 0.576562 0.520833 0.017708 0.081667
8 0.589583 0.523333 0.018750 0.083333
8 0.606771 0.522500 0.023958 0.091667
6 0.628125 0.529167 0.033333 0.091667
6 0.654167 0.526667 0.033333 0.090000
8 0.686979 0.524167 0.021875 0.088333
8 0.701042 0.528333 0.025000 0.086667
8 0.725000 0.521667 0.020833 0.086667
8 0.769792 0.520000 0.029167 0.116667
2 0.950521 0.521667 0.094792 0.083333
