2 0.087500 0.525000 0.037500 0.053333
2 0.093750 0.499167 0.041667 0.031667
2 0.170833 0.503333 0.102083 0.063333
2 0.219792 0.512500 0.058333 0.075000
2 0.270313 0.523333 0.103125 0.080000
2 0.341667 0.517500 0.072917 0.075000
2 0.391146 0.499167 0.028125 0.035000
2 0.404167 0.496667 0.037500 0.033333
2 0.430208 0.501667 0.031250 0.046667
2 0.432812 0.490000 0.026042 0.040000
2 0.475000 0.495000 0.027083 0.036667
2 0.540104 0.494167 0.026042 0.041667
2 0.811458 0.495833 0.031250 0.058333
2 0.861458 0.490833 0.085417 0.055000
8 0.961458 0.493333 0.022917 0.100000
