6 0.050521 0.609167 0.076042 0.128333
8 0.092188 0.575000 0.026042 0.103333
8 0.118229 0.579167 0.034375 0.108333
8 0.139583 0.570833 0.014583 0.078333
8 0.180208 0.567500 0.022917 0.098333
8 0.285938 0.547500 0.019792 0.051667
2 0.403646 0.569167 0.142708 0.208333
2 0.336979 0.552500 0.009375 0.041667
2 0.559896 0.575833 0.048958 0.138333
2 0.585938 0.576667 0.092708 0.140000
2 0.631250 0.599167 0.137500 0.201667
2 0.618750 0.614167 0.108333 0.195000
2 0.813021 0.660000 0.326042 0.410000
8 0.788021 0.462500 0.040625 0.048333
8 0.786458 0.456667 0.018750 0.033333
