2 0.904687 0.519167 0.189583 0.196667
8 0.203385 0.527917 0.020313 0.077500
8 0.163281 0.535417 0.020313 0.074167
8 0.104167 0.538333 0.018750 0.073333
8 0.083333 0.540833 0.015625 0.073333
8 0.046875 0.542083 0.015625 0.070833
6 0.125000 0.538333 0.041667 0.083333
2 0.171875 0.525000 0.087500 0.073333
8 0.168229 0.518333 0.011458 0.066667
2 0.244792 0.515833 0.062500 0.058333
2 0.243750 0.534167 0.058333 0.045000
8 0.284896 0.513333 0.023958 0.073333
5 0.330208 0.480000 0.097917 0.143333
2 0.595313 0.525833 0.109375 0.078333
