5 0.129167 0.477500 0.079167 0.071667
5 0.144271 0.485833 0.059375 0.048333
2 0.253646 0.490833 0.042708 0.048333
2 0.258333 0.490000 0.031250 0.040000
2 0.295833 0.492500 0.033333 0.041667
2 0.297396 0.488333 0.032292 0.043333
2 0.339583 0.490833 0.029167 0.041667
2 0.411979 0.488333 0.030208 0.050000
2 0.487500 0.514167 0.079167 0.108333
2 0.583333 0.489167 0.029167 0.071667
2 0.638021 0.485000 0.101042 0.133333
5 0.627083 0.490833 0.077083 0.118333
8 0.705729 0.499167 0.023958 0.091667
2 0.900000 0.509167 0.122917 0.101667
2 0.901563 0.505000 0.123958 0.080000
