8 0.455990 0.517917 0.015104 0.055833
8 0.438542 0.524583 0.015625 0.044167
8 0.414583 0.522083 0.012500 0.049167
8 0.145833 0.530000 0.029167 0.096667
8 0.183854 0.533333 0.028125 0.100000
8 0.192188 0.535000 0.023958 0.103333
6 0.271354 0.521667 0.019792 0.056667
8 0.295833 0.545000 0.039583 0.133333
2 0.313021 0.545833 0.026042 0.118333
8 0.313021 0.543333 0.021875 0.130000
2 0.351042 0.521667 0.087500 0.066667
2 0.350521 0.523333 0.086458 0.053333
2 0.549479 0.512500 0.142708 0.091667
8 0.560417 0.551667 0.027083 0.126667
2 0.609375 0.504167 0.100000 0.075000
8 0.592708 0.532500 0.033333 0.145000
2 0.656250 0.504167 0.104167 0.078333
2 0.686458 0.496667 0.052083 0.076667
8 0.927604 0.592500 0.053125 0.458333
