2 0.863542 0.605833 0.271875 0.520000
2 0.026562 0.519167 0.051042 0.088333
2 0.082812 0.510000 0.048958 0.053333
2 0.154167 0.497500 0.033333 0.035000
8 0.212500 0.494167 0.012500 0.045000
8 0.226042 0.493333 0.014583 0.050000
8 0.243229 0.498333 0.009375 0.046667
2 0.266667 0.502500 0.037500 0.041667
8 0.336979 0.495000 0.017708 0.053333
2 0.357812 0.499167 0.032292 0.038333
2 0.425000 0.498333 0.137500 0.090000
2 0.427604 0.497500 0.142708 0.085000
2 0.658854 0.569167 0.151042 0.248333
2 0.690104 0.565000 0.190625 0.280000
