2 0.965625 0.627083 0.067708 0.207500
2 0.011198 0.596250 0.021354 0.140833
2 0.130208 0.562500 0.106250 0.118333
2 0.193750 0.546667 0.052083 0.096667
2 0.197917 0.545833 0.050000 0.098333
2 0.235937 0.530833 0.040625 0.078333
2 0.272396 0.524167 0.023958 0.061667
2 0.402083 0.526667 0.056250 0.090000
2 0.459375 0.550000 0.093750 0.110000
2 0.455208 0.546667 0.077083 0.096667
2 0.572396 0.536667 0.063542 0.110000
2 0.649479 0.560000 0.117708 0.123333
2 0.834375 0.587500 0.208333 0.228333
8 0.752604 0.519167 0.040625 0.121667
8 0.786979 0.488333 0.034375 0.113333
