2 0.303906 0.527917 0.036979 0.045833
2 0.283594 0.536667 0.038021 0.051667
2 0.241146 0.540000 0.064583 0.063333
2 0.180990 0.556667 0.081771 0.090000
8 0.073958 0.513333 0.012500 0.020000
8 0.135937 0.550833 0.030208 0.128333
8 0.441146 0.515000 0.011458 0.036667
2 0.505208 0.525000 0.056250 0.093333
8 0.613542 0.507500 0.033333 0.115000
8 0.616146 0.507500 0.028125 0.118333
8 0.650521 0.517500 0.053125 0.115000
8 0.645312 0.514167 0.023958 0.095000
8 0.690625 0.500000 0.050000 0.133333
8 0.686458 0.500000 0.029167 0.113333
8 0.859896 0.480000 0.034375 0.146667
