8 0.870573 0.578333 0.109896 0.426667
2 0.045312 0.586667 0.084375 0.193333
2 0.084375 0.556667 0.072917 0.136667
2 0.093750 0.554167 0.062500 0.175000
2 0.149479 0.566667 0.094792 0.160000
2 0.150521 0.559167 0.094792 0.145000
8 0.185938 0.522500 0.032292 0.128333
8 0.188021 0.517500 0.021875 0.118333
2 0.276042 0.533333 0.110417 0.076667
2 0.291667 0.530833 0.114583 0.078333
2 0.327604 0.522500 0.071875 0.071667
2 0.361458 0.515833 0.102083 0.078333
5 0.352083 0.523333 0.022917 0.080000
5 0.379688 0.522500 0.067708 0.078333
5 0.457292 0.494167 0.060417 0.135000
5 0.458333 0.488333 0.058333 0.136667
2 0.519271 0.533333 0.046875 0.060000
2 0.520312 0.535833 0.044792 0.058333
5 0.528646 0.463333 0.057292 0.093333
5 0.528646 0.488333 0.053125 0.126667
8 0.606771 0.516667 0.030208 0.170000
8 0.607812 0.517500 0.032292 0.161667
8 0.604688 0.520000 0.015625 0.126667
8 0.779687 0.572500 0.096875 0.401667
