8 0.045833 0.548333 0.022917 0.123333
8 0.072396 0.541667 0.023958 0.073333
8 0.071354 0.540833 0.015625 0.071667
8 0.092708 0.540000 0.018750 0.063333
8 0.110937 0.540833 0.017708 0.055000
8 0.119792 0.534167 0.018750 0.058333
8 0.151562 0.529167 0.015625 0.048333
8 0.163021 0.532500 0.009375 0.065000
8 0.172396 0.526667 0.011458 0.056667
2 0.254688 0.530833 0.117708 0.085000
2 0.258333 0.528333 0.118750 0.083333
2 0.351562 0.566667 0.117708 0.143333
8 0.311979 0.506667 0.015625 0.040000
8 0.427604 0.531667 0.036458 0.106667
8 0.427604 0.529167 0.030208 0.108333
2 0.476042 0.519167 0.085417 0.075000
8 0.507292 0.537500 0.020833 0.061667
8 0.545833 0.515000 0.018750 0.063333
8 0.785417 0.561667 0.083333 0.126667
