2 0.060937 0.506667 0.053125 0.046667
2 0.116667 0.497500 0.052083 0.041667
2 0.164062 0.503333 0.048958 0.036667
2 0.228125 0.490000 0.079167 0.063333
2 0.226042 0.494167 0.060417 0.065000
2 0.548438 0.499167 0.053125 0.061667
2 0.550000 0.495000 0.043750 0.056667
8 0.623437 0.500000 0.021875 0.080000
8 0.627083 0.500833 0.018750 0.071667
2 0.657813 0.506667 0.053125 0.053333
2 0.657292 0.502500 0.045833 0.065000
2 0.710417 0.517500 0.064583 0.085000
2 0.779167 0.510000 0.100000 0.133333
2 0.785417 0.517500 0.104167 0.108333
2 0.897396 0.510833 0.144792 0.155000
