8 0.039062 0.546667 0.028125 0.093333
8 0.039062 0.549167 0.023958 0.075000
2 0.122917 0.538333 0.072917 0.076667
6 0.185938 0.536667 0.044792 0.090000
2 0.330208 0.652500 0.331250 0.418333
8 0.185417 0.539167 0.020833 0.081667
8 0.197396 0.535833 0.021875 0.081667
8 0.197396 0.520833 0.015625 0.055000
8 0.513542 0.523333 0.020833 0.063333
8 0.517708 0.526667 0.014583 0.060000
8 0.527083 0.518333 0.016667 0.063333
8 0.529687 0.520000 0.015625 0.070000
2 0.706250 0.542500 0.291667 0.138333
8 0.629167 0.508333 0.022917 0.073333
6 0.771354 0.538333 0.121875 0.190000
2 0.864583 0.525833 0.120833 0.075000
