6 0.660677 0.529583 0.026562 0.090833
8 0.026562 0.550833 0.015625 0.065000
8 0.030729 0.556667 0.017708 0.076667
8 0.042708 0.554167 0.014583 0.071667
2 0.119792 0.540833 0.077083 0.081667
2 0.177083 0.540000 0.050000 0.050000
2 0.329688 0.652500 0.332292 0.421667
8 0.510417 0.546667 0.060417 0.210000
8 0.510938 0.546667 0.059375 0.223333
6 0.509375 0.530000 0.033333 0.073333
8 0.531250 0.517500 0.016667 0.065000
8 0.587500 0.519167 0.016667 0.081667
8 0.604167 0.520833 0.018750 0.068333
2 0.782292 0.526667 0.175000 0.100000
