2 0.019792 0.542500 0.029167 0.048333
2 0.109375 0.529167 0.033333 0.048333
2 0.141667 0.525833 0.045833 0.055000
2 0.175521 0.519167 0.030208 0.051667
2 0.176563 0.520000 0.021875 0.043333
2 0.220833 0.515000 0.045833 0.053333
2 0.274479 0.516667 0.046875 0.070000
2 0.276562 0.518333 0.048958 0.066667
2 0.310417 0.512500 0.029167 0.061667
2 0.346354 0.512500 0.053125 0.085000
2 0.342187 0.501667 0.034375 0.070000
2 0.457292 0.554167 0.225000 0.328333
2 0.588542 0.483333 0.064583 0.060000
2 0.663542 0.547500 0.160417 0.131667
8 0.655208 0.478333 0.029167 0.033333
2 0.948438 0.695833 0.098958 0.238333
