2 0.922917 0.627083 0.153125 0.352500
2 0.057813 0.553333 0.101042 0.073333
2 0.135937 0.544167 0.086458 0.095000
2 0.140625 0.536667 0.062500 0.080000
8 0.152604 0.535833 0.023958 0.085000
2 0.203125 0.540000 0.060417 0.063333
2 0.203646 0.538333 0.053125 0.050000
2 0.241146 0.531667 0.030208 0.043333
2 0.356250 0.590833 0.166667 0.231667
2 0.564583 0.539167 0.037500 0.068333
2 0.629687 0.547500 0.107292 0.231667
2 0.631771 0.538333 0.103125 0.190000
2 0.760938 0.598333 0.184375 0.260000
2 0.764062 0.576667 0.165625 0.210000
