8 0.504687 0.530833 0.014583 0.058333
8 0.496875 0.540417 0.011458 0.035833
2 0.090625 0.598333 0.180208 0.253333
2 0.196875 0.537500 0.064583 0.065000
2 0.194792 0.535833 0.050000 0.051667
2 0.269792 0.529167 0.052083 0.068333
2 0.268750 0.528333 0.050000 0.053333
8 0.429688 0.533333 0.017708 0.063333
8 0.430208 0.530833 0.016667 0.058333
8 0.444271 0.530000 0.015625 0.063333
8 0.450000 0.542500 0.014583 0.048333
8 0.483854 0.532500 0.021875 0.058333
8 0.669271 0.523333 0.036458 0.100000
8 0.701042 0.521667 0.027083 0.123333
8 0.703646 0.519167 0.030208 0.105000
