8 0.692187 0.502917 0.016667 0.059167
2 0.038542 0.533333 0.076042 0.050000
2 0.038542 0.535833 0.075000 0.065000
6 0.141146 0.526667 0.021875 0.063333
6 0.144792 0.533333 0.022917 0.063333
2 0.242708 0.528333 0.095833 0.043333
2 0.245833 0.529167 0.087500 0.038333
2 0.300000 0.528333 0.020833 0.036667
2 0.333333 0.520833 0.058333 0.068333
2 0.411979 0.525833 0.059375 0.081667
8 0.459375 0.515000 0.018750 0.066667
2 0.521875 0.514167 0.064583 0.098333
2 0.500521 0.526667 0.017708 0.080000
5 0.592187 0.478333 0.173958 0.073333
2 0.551042 0.527500 0.075000 0.091667
8 0.718229 0.500833 0.017708 0.081667
8 0.721354 0.503333 0.019792 0.083333
