8 0.067187 0.544167 0.017708 0.081667
8 0.069271 0.545833 0.021875 0.085000
2 0.122917 0.553333 0.079167 0.103333
2 0.227604 0.549167 0.080208 0.118333
2 0.281771 0.529167 0.021875 0.048333
2 0.401562 0.513333 0.017708 0.043333
2 0.434375 0.520833 0.054167 0.065000
8 0.490104 0.513333 0.023958 0.106667
8 0.488021 0.524167 0.019792 0.115000
8 0.516146 0.515000 0.017708 0.126667
8 0.577083 0.499167 0.022917 0.095000
8 0.582292 0.506667 0.016667 0.103333
8 0.600000 0.497500 0.020833 0.095000
8 0.599479 0.495833 0.017708 0.105000
8 0.617708 0.497500 0.020833 0.111667
8 0.832812 0.497500 0.023958 0.145000
8 0.834896 0.492500 0.023958 0.151667
8 0.833854 0.490000 0.017708 0.146667
8 0.843750 0.471667 0.025000 0.136667
8 0.851042 0.497500 0.029167 0.148333
8 0.880208 0.490000 0.031250 0.163333
8 0.916146 0.481667 0.019792 0.133333
8 0.917708 0.480000 0.016667 0.153333
8 0.926562 0.485833 0.015625 0.151667
8 0.937500 0.490000 0.031250 0.183333
8 0.935417 0.480833 0.025000 0.145000
