8 0.023438 0.542500 0.028125 0.111667
8 0.022917 0.545833 0.027083 0.115000
2 0.242708 0.685833 0.395833 0.428333
8 0.127083 0.415833 0.014583 0.031667
8 0.141146 0.536667 0.028125 0.086667
8 0.137500 0.518333 0.018750 0.033333
2 0.409896 0.520833 0.015625 0.018333
2 0.449479 0.528333 0.023958 0.033333
2 0.461979 0.519167 0.013542 0.031667
8 0.568750 0.515833 0.018750 0.041667
8 0.655208 0.527500 0.016667 0.075000
8 0.672396 0.534167 0.026042 0.095000
8 0.818750 0.531667 0.052083 0.236667
8 0.867708 0.531667 0.047917 0.240000
8 0.930208 0.550000 0.050000 0.213333
