2 0.038021 0.551667 0.076042 0.103333
8 0.025521 0.536667 0.046875 0.163333
8 0.040625 0.526667 0.020833 0.056667
8 0.088542 0.535000 0.043750 0.183333
2 0.251563 0.535000 0.040625 0.060000
2 0.253125 0.537500 0.039583 0.055000
2 0.325521 0.581667 0.171875 0.196667
2 0.386979 0.519167 0.073958 0.081667
2 0.405729 0.522500 0.046875 0.081667
8 0.463542 0.535833 0.031250 0.131667
8 0.581771 0.532500 0.032292 0.128333
8 0.593229 0.515833 0.053125 0.155000
8 0.596875 0.516667 0.035417 0.146667
8 0.654687 0.541667 0.032292 0.100000
