2 0.022917 0.530833 0.045833 0.118333
2 0.045312 0.518333 0.017708 0.070000
2 0.100521 0.530833 0.067708 0.061667
2 0.094792 0.529167 0.056250 0.045000
2 0.160417 0.528333 0.050000 0.046667
2 0.164583 0.531667 0.056250 0.060000
8 0.204687 0.525833 0.013542 0.078333
8 0.218750 0.521667 0.016667 0.083333
8 0.322396 0.528333 0.015625 0.053333
6 0.326042 0.527500 0.018750 0.055000
8 0.328125 0.528333 0.010417 0.053333
2 0.392708 0.534167 0.091667 0.061667
2 0.389583 0.536667 0.075000 0.056667
2 0.550000 0.536667 0.250000 0.143333
8 0.447396 0.499167 0.023958 0.061667
2 0.447917 0.496667 0.025000 0.053333
