8 0.043750 0.562500 0.022917 0.088333
8 0.190625 0.570833 0.025000 0.151667
8 0.241667 0.556667 0.027083 0.153333
8 0.242188 0.560000 0.028125 0.143333
8 0.275521 0.565000 0.030208 0.136667
8 0.294271 0.561667 0.015625 0.136667
8 0.298438 0.565833 0.019792 0.141667
8 0.318229 0.556667 0.023958 0.150000
8 0.407813 0.534167 0.036458 0.088333
8 0.409896 0.533333 0.017708 0.076667
8 0.422396 0.536667 0.015625 0.063333
8 0.434375 0.530833 0.016667 0.075000
8 0.479167 0.550000 0.043750 0.143333
8 0.473958 0.543333 0.018750 0.140000
8 0.472917 0.521667 0.016667 0.093333
2 0.495833 0.522500 0.054167 0.061667
2 0.500521 0.530000 0.044792 0.056667
8 0.566667 0.517500 0.012500 0.061667
2 0.689063 0.575833 0.169792 0.211667
8 0.625521 0.515833 0.026042 0.068333
8 0.652604 0.491667 0.034375 0.046667
8 0.647917 0.493333 0.012500 0.023333
2 0.834375 0.689167 0.325000 0.495000
8 0.746875 0.450833 0.027083 0.061667
8 0.780208 0.460000 0.022917 0.053333
