8 0.178125 0.558333 0.039583 0.133333
8 0.188542 0.516667 0.025000 0.083333
8 0.188542 0.548333 0.016667 0.133333
2 0.197917 0.552500 0.033333 0.121667
8 0.204687 0.540000 0.030208 0.120000
6 0.272917 0.522500 0.027083 0.071667
6 0.273438 0.521667 0.019792 0.060000
8 0.277604 0.521667 0.019792 0.060000
6 0.284896 0.518333 0.019792 0.056667
2 0.348958 0.513333 0.043750 0.036667
2 0.389062 0.519167 0.111458 0.055000
2 0.392188 0.522500 0.111458 0.068333
8 0.490625 0.548333 0.029167 0.116667
2 0.557813 0.512500 0.142708 0.091667
8 0.526563 0.537500 0.034375 0.141667
2 0.618750 0.504167 0.100000 0.075000
2 0.661458 0.500833 0.104167 0.078333
2 0.686458 0.496667 0.052083 0.076667
8 0.801042 0.626667 0.152083 0.533333
8 0.818229 0.577500 0.076042 0.401667
8 0.818750 0.580000 0.054167 0.410000
8 0.900521 0.599167 0.165625 0.531667
