2 0.073958 0.568333 0.135417 0.170000
2 0.142187 0.559167 0.019792 0.058333
8 0.170833 0.527500 0.020833 0.041667
8 0.170833 0.530833 0.016667 0.038333
2 0.375000 0.545833 0.077083 0.091667
2 0.497917 0.531667 0.058333 0.070000
8 0.617188 0.530833 0.028125 0.048333
8 0.621354 0.540000 0.026042 0.050000
8 0.629687 0.515833 0.023958 0.035000
8 0.660417 0.485000 0.018750 0.040000
8 0.685417 0.481667 0.020833 0.036667
8 0.687500 0.474167 0.020833 0.045000
2 0.841667 0.618333 0.314583 0.393333
8 0.809375 0.440000 0.020833 0.036667
