8 0.082292 0.555000 0.039583 0.133333
2 0.105208 0.552500 0.033333 0.121667
8 0.102083 0.548333 0.016667 0.133333
8 0.165625 0.526667 0.025000 0.083333
8 0.166146 0.525000 0.021875 0.080000
8 0.267188 0.526667 0.030208 0.120000
6 0.289062 0.523333 0.019792 0.056667
2 0.348958 0.518333 0.043750 0.046667
2 0.414583 0.522500 0.104167 0.058333
2 0.416667 0.518333 0.093750 0.060000
8 0.450000 0.545833 0.031250 0.105000
8 0.483854 0.523333 0.030208 0.143333
8 0.561979 0.605833 0.142708 0.411667
8 0.568750 0.572500 0.054167 0.335000
8 0.573438 0.582500 0.044792 0.348333
8 0.627083 0.572500 0.095833 0.421667
8 0.717187 0.582500 0.076042 0.341667
2 0.860417 0.550833 0.275000 0.225000
