2 0.119792 0.540833 0.077083 0.081667
2 0.178646 0.540000 0.046875 0.066667
2 0.329688 0.652500 0.330208 0.425000
2 0.509375 0.534167 0.089583 0.081667
6 0.509375 0.530000 0.033333 0.073333
8 0.524479 0.512500 0.013542 0.058333
8 0.535937 0.509167 0.013542 0.051667
8 0.578125 0.530833 0.056250 0.088333
8 0.575000 0.532500 0.018750 0.075000
8 0.626563 0.525000 0.026042 0.083333
6 0.663021 0.525000 0.021875 0.083333
8 0.679688 0.530833 0.017708 0.078333
8 0.692708 0.525833 0.018750 0.085000
8 0.714063 0.525833 0.019792 0.078333
8 0.715104 0.525000 0.019792 0.073333
