2 0.277604 0.498333 0.032292 0.036667
2 0.321354 0.501667 0.092708 0.093333
2 0.320833 0.504167 0.085417 0.098333
2 0.388542 0.500833 0.056250 0.051667
2 0.385417 0.496667 0.039583 0.040000
2 0.452604 0.502500 0.046875 0.048333
2 0.459375 0.499167 0.054167 0.055000
2 0.503646 0.486667 0.053125 0.046667
2 0.575000 0.491667 0.060417 0.043333
2 0.615104 0.479167 0.034375 0.045000
2 0.614583 0.481667 0.020833 0.033333
2 0.667708 0.510833 0.031250 0.108333
2 0.768229 0.516667 0.188542 0.223333
2 0.861979 0.491667 0.044792 0.150000
2 0.941146 0.522500 0.115625 0.161667
2 0.943750 0.520000 0.110417 0.203333
8 0.992188 0.510833 0.013542 0.078333
