2 0.209375 0.512500 0.039583 0.085000
2 0.239583 0.508333 0.039583 0.076667
2 0.272396 0.496667 0.023958 0.056667
2 0.300000 0.495833 0.020833 0.055000
2 0.321354 0.495000 0.015625 0.036667
8 0.473958 0.493333 0.010417 0.056667
2 0.487500 0.501667 0.014583 0.056667
2 0.513021 0.497500 0.036458 0.085000
2 0.531250 0.501667 0.039583 0.073333
2 0.126042 0.533333 0.166667 0.096667
2 0.339583 0.498333 0.045833 0.063333
2 0.406250 0.510000 0.079167 0.110000
8 0.703125 0.499167 0.025000 0.071667
8 0.736458 0.496667 0.031250 0.146667
8 0.768229 0.490833 0.021875 0.135000
8 0.802083 0.500000 0.027083 0.133333
8 0.838542 0.470000 0.029167 0.073333
8 0.890625 0.460000 0.025000 0.090000
8 0.922396 0.513333 0.023958 0.116667
8 0.972396 0.499167 0.040625 0.148333
