2 0.066667 0.621667 0.133333 0.363333
2 0.171354 0.540000 0.046875 0.050000
2 0.330729 0.661667 0.326042 0.420000
8 0.486979 0.525833 0.021875 0.068333
8 0.561458 0.520000 0.020833 0.073333
8 0.575521 0.520833 0.017708 0.081667
8 0.586458 0.522500 0.018750 0.081667
8 0.604688 0.522500 0.023958 0.091667
6 0.627083 0.527500 0.033333 0.091667
6 0.654167 0.526667 0.033333 0.090000
8 0.686979 0.525000 0.021875 0.086667
8 0.701562 0.528333 0.023958 0.086667
8 0.725000 0.521667 0.020833 0.086667
8 0.768750 0.520000 0.031250 0.116667
2 0.950000 0.520000 0.095833 0.083333
