2 0.046875 0.532500 0.089583 0.178333
2 0.050521 0.550833 0.084375 0.221667
2 0.094792 0.580000 0.127083 0.173333
2 0.284896 0.589167 0.323958 0.415000
2 0.459896 0.532500 0.048958 0.068333
2 0.452604 0.549167 0.030208 0.061667
2 0.485938 0.517500 0.038542 0.045000
2 0.518750 0.524167 0.029167 0.055000
2 0.722917 0.478333 0.231250 0.103333
2 0.799479 0.633333 0.376042 0.366667
2 0.636458 0.543333 0.045833 0.116667
5 0.666667 0.487500 0.077083 0.118333
8 0.948958 0.513333 0.027083 0.056667
2 0.973437 0.515833 0.051042 0.061667
