2 0.067708 0.618333 0.135417 0.356667
8 0.101042 0.504167 0.035417 0.091667
2 0.132812 0.540833 0.046875 0.075000
2 0.173958 0.540000 0.052083 0.053333
2 0.325521 0.654167 0.323958 0.408333
8 0.490104 0.525833 0.021875 0.068333
8 0.547396 0.523333 0.013542 0.070000
8 0.554167 0.521667 0.020833 0.073333
8 0.567187 0.515833 0.013542 0.078333
8 0.579688 0.520000 0.017708 0.080000
8 0.593229 0.519167 0.023958 0.091667
6 0.627083 0.527500 0.033333 0.091667
6 0.654687 0.526667 0.032292 0.090000
8 0.686979 0.525833 0.021875 0.085000
8 0.702083 0.526667 0.022917 0.086667
8 0.725000 0.521667 0.020833 0.086667
8 0.791146 0.520000 0.036458 0.133333
2 0.952604 0.520833 0.092708 0.085000
8 0.954688 0.490833 0.015625 0.055000
