2 0.116146 0.555000 0.092708 0.083333
8 0.080208 0.517500 0.014583 0.035000
2 0.169271 0.534167 0.034375 0.075000
2 0.217188 0.546667 0.101042 0.106667
2 0.285938 0.525000 0.059375 0.100000
2 0.290104 0.522500 0.059375 0.101667
8 0.348438 0.509167 0.017708 0.058333
8 0.362500 0.509167 0.014583 0.058333
2 0.431771 0.503333 0.028125 0.066667
2 0.435937 0.505833 0.028125 0.055000
2 0.497917 0.518333 0.079167 0.116667
8 0.630208 0.486667 0.027083 0.110000
8 0.630208 0.494167 0.025000 0.115000
8 0.656250 0.480833 0.025000 0.091667
2 0.825521 0.520000 0.344792 0.266667
