2 0.060937 0.595833 0.121875 0.195000
2 0.149479 0.545000 0.126042 0.120000
2 0.215625 0.564167 0.177083 0.208333
2 0.347396 0.560000 0.088542 0.143333
2 0.401042 0.571667 0.037500 0.083333
2 0.434896 0.520000 0.061458 0.136667
2 0.476562 0.546667 0.071875 0.120000
2 0.490104 0.545000 0.057292 0.090000
2 0.518750 0.526667 0.039583 0.096667
8 0.544271 0.533333 0.030208 0.140000
8 0.560937 0.528333 0.019792 0.120000
8 0.577604 0.538333 0.021875 0.133333
2 0.655208 0.558333 0.147917 0.153333
5 0.739583 0.472500 0.050000 0.078333
5 0.863542 0.370000 0.270833 0.740000
2 0.869792 0.359167 0.256250 0.718333
