2 0.101042 0.553333 0.047917 0.083333
2 0.141667 0.548333 0.031250 0.070000
2 0.209375 0.558333 0.135417 0.170000
2 0.374479 0.608333 0.201042 0.253333
8 0.482812 0.536667 0.023958 0.066667
8 0.579688 0.536667 0.021875 0.080000
8 0.581250 0.536667 0.018750 0.080000
8 0.596354 0.535000 0.019792 0.080000
8 0.613542 0.536667 0.020833 0.086667
8 0.629687 0.535833 0.023958 0.091667
6 0.656250 0.540000 0.027083 0.103333
6 0.690625 0.535000 0.035417 0.116667
8 0.719792 0.533333 0.027083 0.100000
8 0.746875 0.531667 0.025000 0.096667
8 0.832812 0.577500 0.071875 0.231667
8 0.811458 0.524167 0.012500 0.101667
