8 0.901042 0.598333 0.089583 0.415000
8 0.025521 0.547500 0.017708 0.071667
8 0.036458 0.547500 0.016667 0.071667
8 0.047917 0.548333 0.010417 0.066667
6 0.071875 0.538333 0.047917 0.080000
8 0.080729 0.538333 0.023958 0.080000
6 0.082292 0.537500 0.010417 0.068333
8 0.086458 0.538333 0.016667 0.080000
8 0.102083 0.538333 0.014583 0.076667
6 0.112500 0.535833 0.031250 0.071667
8 0.117188 0.528333 0.017708 0.063333
2 0.171875 0.525000 0.087500 0.073333
5 0.173437 0.521667 0.082292 0.083333
5 0.239583 0.511667 0.056250 0.056667
2 0.244792 0.515833 0.062500 0.058333
2 0.247396 0.532500 0.057292 0.048333
8 0.284896 0.513333 0.023958 0.073333
5 0.328125 0.481667 0.100000 0.146667
2 0.403125 0.513333 0.031250 0.033333
8 0.562500 0.607500 0.170833 0.435000
8 0.554167 0.609167 0.147917 0.425000
2 0.511458 0.510833 0.037500 0.038333
2 0.510938 0.511667 0.032292 0.043333
2 0.679167 0.510000 0.162500 0.096667
