8 0.044792 0.550833 0.029167 0.118333
8 0.084375 0.565833 0.022917 0.131667
8 0.089063 0.554167 0.023958 0.125000
8 0.092188 0.556667 0.017708 0.133333
2 0.122917 0.553333 0.079167 0.103333
8 0.107813 0.553333 0.028125 0.130000
8 0.154688 0.553333 0.036458 0.146667
2 0.227604 0.549167 0.080208 0.118333
2 0.280729 0.531667 0.019792 0.046667
2 0.401562 0.513333 0.017708 0.043333
8 0.410938 0.531667 0.021875 0.126667
8 0.417708 0.520833 0.027083 0.145000
2 0.434375 0.520833 0.054167 0.065000
8 0.438542 0.522500 0.018750 0.151667
8 0.542708 0.509167 0.022917 0.095000
8 0.561458 0.509167 0.020833 0.095000
8 0.563542 0.505000 0.012500 0.083333
8 0.582292 0.504167 0.022917 0.105000
8 0.701042 0.495833 0.027083 0.131667
2 0.851042 0.674167 0.293750 0.645000
