2 0.104167 0.550000 0.054167 0.060000
2 0.150000 0.544167 0.047917 0.061667
2 0.151042 0.545000 0.041667 0.060000
2 0.179167 0.548333 0.037500 0.053333
2 0.202604 0.540000 0.034375 0.043333
2 0.250521 0.539167 0.036458 0.035000
2 0.251563 0.535833 0.034375 0.038333
2 0.396354 0.560833 0.144792 0.201667
2 0.462500 0.534167 0.039583 0.085000
2 0.520833 0.532500 0.047917 0.058333
2 0.520833 0.530833 0.037500 0.055000
8 0.597396 0.529167 0.023958 0.078333
8 0.597396 0.526667 0.017708 0.076667
2 0.629167 0.515000 0.056250 0.056667
2 0.902083 0.600000 0.193750 0.443333
2 0.879167 0.516667 0.064583 0.103333
2 0.879167 0.503333 0.054167 0.073333
