8 0.047917 0.550000 0.027083 0.083333
8 0.046875 0.545000 0.020833 0.080000
2 0.122917 0.553333 0.079167 0.103333
2 0.227604 0.549167 0.080208 0.118333
2 0.281771 0.529167 0.021875 0.048333
2 0.401562 0.513333 0.017708 0.043333
2 0.434375 0.520833 0.054167 0.065000
8 0.510938 0.508333 0.021875 0.103333
8 0.510938 0.522500 0.019792 0.115000
8 0.529167 0.512500 0.016667 0.118333
8 0.597396 0.506667 0.019792 0.110000
8 0.601042 0.498333 0.016667 0.103333
8 0.617188 0.495833 0.017708 0.105000
8 0.618229 0.501667 0.019792 0.106667
8 0.637500 0.497500 0.020833 0.111667
8 0.837500 0.495833 0.027083 0.145000
8 0.837500 0.489167 0.025000 0.145000
8 0.845833 0.482500 0.022917 0.151667
8 0.847396 0.479167 0.021875 0.135000
8 0.882292 0.497500 0.029167 0.148333
8 0.886458 0.491667 0.031250 0.163333
8 0.928646 0.475000 0.030208 0.140000
8 0.925000 0.477500 0.020833 0.151667
8 0.972917 0.483333 0.031250 0.183333
8 0.970833 0.477500 0.025000 0.145000
