2 0.065625 0.622500 0.131250 0.365000
2 0.116667 0.539167 0.041667 0.071667
8 0.147396 0.559167 0.048958 0.218333
2 0.173958 0.540833 0.052083 0.051667
2 0.329688 0.657500 0.330208 0.415000
8 0.489063 0.524167 0.021875 0.068333
8 0.555729 0.525000 0.021875 0.080000
8 0.557292 0.526667 0.020833 0.073333
8 0.572917 0.519167 0.018750 0.085000
8 0.581771 0.520000 0.017708 0.080000
8 0.596354 0.519167 0.023958 0.091667
6 0.626042 0.527500 0.033333 0.091667
6 0.654167 0.526667 0.033333 0.090000
8 0.686979 0.525833 0.021875 0.085000
8 0.701562 0.526667 0.023958 0.086667
8 0.725000 0.521667 0.020833 0.086667
8 0.778125 0.520833 0.035417 0.125000
2 0.951042 0.520000 0.093750 0.083333
