2 0.013021 0.550000 0.026042 0.123333
8 0.142708 0.525000 0.025000 0.083333
8 0.142187 0.526667 0.021875 0.080000
8 0.218229 0.522500 0.017708 0.065000
8 0.233333 0.525000 0.016667 0.066667
8 0.234896 0.525000 0.013542 0.063333
6 0.266146 0.525000 0.019792 0.056667
6 0.286458 0.522500 0.027083 0.071667
6 0.288542 0.521667 0.018750 0.066667
8 0.333854 0.599167 0.042708 0.275000
8 0.364583 0.600833 0.095833 0.341667
2 0.511458 0.561667 0.268750 0.193333
8 0.433333 0.573333 0.085417 0.343333
8 0.529167 0.585000 0.068750 0.290000
2 0.663542 0.494167 0.104167 0.078333
