2 0.127083 0.555417 0.078125 0.075833
2 0.227865 0.547083 0.091146 0.105833
8 0.081250 0.539167 0.025000 0.075000
2 0.281771 0.529167 0.021875 0.048333
2 0.518750 0.538333 0.312500 0.166667
2 0.401562 0.513333 0.017708 0.043333
2 0.434375 0.520833 0.054167 0.065000
8 0.469792 0.497500 0.020833 0.068333
8 0.606771 0.475000 0.021875 0.063333
8 0.831771 0.498333 0.021875 0.146667
8 0.833333 0.490833 0.016667 0.148333
8 0.842187 0.492500 0.023958 0.151667
8 0.847917 0.497500 0.029167 0.148333
8 0.881250 0.490000 0.031250 0.163333
8 0.902083 0.485000 0.025000 0.146667
8 0.916146 0.474167 0.019792 0.135000
8 0.918229 0.425000 0.013542 0.043333
8 0.923958 0.485833 0.025000 0.145000
8 0.923438 0.487500 0.021875 0.155000
8 0.943750 0.486667 0.031250 0.183333
