2 0.176563 0.555833 0.115625 0.101667
8 0.252604 0.530833 0.019792 0.071667
2 0.366667 0.615000 0.222917 0.266667
2 0.297396 0.525000 0.040625 0.066667
2 0.456250 0.543333 0.104167 0.176667
2 0.530208 0.530833 0.081250 0.111667
8 0.569792 0.530833 0.029167 0.125000
8 0.588021 0.531667 0.015625 0.150000
8 0.601562 0.526667 0.026042 0.123333
8 0.655208 0.495833 0.016667 0.068333
2 0.701562 0.516667 0.109375 0.080000
2 0.702083 0.517500 0.106250 0.098333
8 0.710417 0.490000 0.014583 0.070000
8 0.716667 0.485000 0.020833 0.060000
8 0.767708 0.501667 0.043750 0.076667
2 0.928125 0.624167 0.141667 0.525000
