5 0.051562 0.491667 0.103125 0.126667
2 0.111979 0.525833 0.113542 0.071667
2 0.118750 0.529167 0.116667 0.085000
2 0.208854 0.522500 0.078125 0.055000
2 0.248958 0.536667 0.077083 0.070000
2 0.380729 0.535000 0.119792 0.140000
2 0.449479 0.528333 0.067708 0.080000
2 0.541146 0.531667 0.084375 0.106667
2 0.622917 0.502500 0.050000 0.051667
2 0.717187 0.526667 0.144792 0.186667
8 0.809375 0.497500 0.018750 0.111667
8 0.828646 0.495833 0.015625 0.075000
8 0.844271 0.495000 0.021875 0.093333
8 0.842187 0.495833 0.017708 0.088333
8 0.880729 0.489167 0.019792 0.098333
