2 0.119792 0.540833 0.077083 0.081667
2 0.178646 0.540000 0.046875 0.066667
2 0.329688 0.653333 0.330208 0.423333
8 0.501563 0.525833 0.046875 0.075000
8 0.495833 0.527500 0.018750 0.075000
6 0.509375 0.530000 0.033333 0.073333
8 0.527604 0.519167 0.015625 0.071667
8 0.549479 0.530833 0.017708 0.075000
8 0.565104 0.530833 0.019792 0.075000
2 0.661458 0.535833 0.154167 0.091667
6 0.663542 0.497500 0.022917 0.028333
8 0.864583 0.548333 0.072917 0.216667
8 0.865625 0.546667 0.072917 0.216667
2 0.975521 0.520000 0.046875 0.096667
