8 0.601042 0.524583 0.018750 0.082500
8 0.017188 0.547500 0.021875 0.085000
8 0.020313 0.555000 0.017708 0.073333
8 0.033854 0.555000 0.017708 0.053333
8 0.085938 0.545833 0.071875 0.178333
8 0.065625 0.530000 0.020833 0.056667
2 0.181250 0.546667 0.156250 0.100000
8 0.166667 0.538333 0.064583 0.180000
2 0.316667 0.603333 0.197917 0.240000
2 0.408333 0.525000 0.054167 0.080000
2 0.409896 0.522500 0.055208 0.071667
8 0.556771 0.540000 0.030208 0.160000
8 0.675521 0.536667 0.036458 0.153333
8 0.701562 0.519167 0.046875 0.175000
8 0.696875 0.520833 0.033333 0.171667
