2 0.085417 0.540833 0.029167 0.065000
2 0.103125 0.513333 0.016667 0.030000
2 0.176563 0.495833 0.088542 0.068333
2 0.308854 0.492500 0.086458 0.045000
2 0.316667 0.496667 0.070833 0.053333
2 0.433333 0.492500 0.035417 0.048333
2 0.474479 0.499167 0.034375 0.038333
5 0.521354 0.476667 0.034375 0.073333
2 0.566667 0.487500 0.054167 0.051667
8 0.822917 0.475833 0.031250 0.088333
8 0.825521 0.481667 0.023958 0.056667
6 0.970833 0.492500 0.027083 0.101667
8 0.976562 0.477500 0.030208 0.155000
8 0.991146 0.481667 0.011458 0.083333
