8 0.262500 0.525417 0.015625 0.059167
8 0.202865 0.531667 0.014063 0.058333
8 0.455208 0.529583 0.015625 0.045833
8 0.433854 0.530833 0.014583 0.048333
8 0.401302 0.529583 0.013021 0.055833
8 0.122917 0.536667 0.029167 0.096667
8 0.178125 0.539167 0.027083 0.105000
2 0.323958 0.532500 0.089583 0.065000
8 0.317188 0.552500 0.036458 0.148333
2 0.329167 0.548333 0.025000 0.123333
2 0.544271 0.512500 0.142708 0.091667
2 0.604167 0.505833 0.100000 0.075000
8 0.567708 0.553333 0.027083 0.126667
8 0.593750 0.539167 0.033333 0.145000
2 0.653125 0.507500 0.104167 0.078333
6 0.932292 0.545833 0.079167 0.171667
