2 0.010937 0.532500 0.021875 0.091667
8 0.008854 0.517500 0.015625 0.055000
2 0.121875 0.551667 0.097917 0.106667
2 0.118750 0.557500 0.068750 0.085000
2 0.201563 0.557500 0.123958 0.151667
2 0.201563 0.552500 0.105208 0.125000
2 0.363021 0.520000 0.059375 0.096667
2 0.399479 0.515000 0.013542 0.046667
2 0.432292 0.519167 0.056250 0.068333
2 0.435937 0.519167 0.046875 0.058333
8 0.594792 0.515000 0.018750 0.126667
8 0.624479 0.506667 0.028125 0.130000
8 0.639583 0.501667 0.018750 0.130000
8 0.659375 0.503333 0.027083 0.120000
