8 0.064062 0.540833 0.023958 0.098333
8 0.065104 0.549167 0.017708 0.085000
8 0.081250 0.549167 0.029167 0.095000
8 0.081250 0.550833 0.014583 0.098333
2 0.118229 0.561667 0.084375 0.090000
2 0.222917 0.551667 0.093750 0.110000
2 0.273438 0.537500 0.032292 0.085000
2 0.282292 0.529167 0.031250 0.065000
2 0.305729 0.517500 0.030208 0.065000
2 0.432292 0.517500 0.045833 0.058333
8 0.695312 0.503333 0.034375 0.130000
8 0.697917 0.500833 0.033333 0.135000
8 0.746875 0.500000 0.031250 0.113333
8 0.771354 0.495000 0.040625 0.163333
8 0.815625 0.500833 0.056250 0.158333
8 0.819271 0.490000 0.051042 0.163333
8 0.859896 0.529167 0.034375 0.088333
