6 0.054167 0.545000 0.033333 0.073333
6 0.055208 0.541667 0.016667 0.066667
8 0.080729 0.538333 0.023958 0.080000
8 0.083854 0.541667 0.026042 0.076667
6 0.081250 0.537500 0.010417 0.068333
2 0.171875 0.525000 0.087500 0.073333
5 0.173437 0.521667 0.082292 0.083333
5 0.237500 0.511667 0.056250 0.056667
2 0.244792 0.515833 0.062500 0.058333
2 0.246354 0.532500 0.057292 0.048333
8 0.284896 0.513333 0.023958 0.073333
5 0.327083 0.481667 0.100000 0.146667
2 0.401562 0.517500 0.032292 0.035000
2 0.447396 0.511667 0.028125 0.030000
2 0.465104 0.513333 0.028125 0.040000
2 0.632812 0.526667 0.096875 0.066667
2 0.887500 0.632500 0.220833 0.725000
2 0.888021 0.635000 0.217708 0.720000
