8 0.978125 0.532083 0.042708 0.215833
2 0.138542 0.545000 0.089583 0.110000
2 0.143750 0.550000 0.087500 0.086667
2 0.236458 0.538333 0.135417 0.160000
2 0.374479 0.526667 0.038542 0.060000
2 0.423958 0.524167 0.047917 0.065000
2 0.464583 0.515000 0.041667 0.073333
2 0.466667 0.515000 0.029167 0.046667
2 0.572917 0.563333 0.154167 0.166667
8 0.626563 0.531667 0.023958 0.086667
8 0.622917 0.529167 0.012500 0.058333
8 0.632292 0.529167 0.016667 0.078333
5 0.694271 0.512500 0.076042 0.048333
2 0.740625 0.525833 0.097917 0.068333
