2 0.063542 0.619167 0.127083 0.358333
2 0.126042 0.541667 0.060417 0.076667
2 0.174479 0.540000 0.051042 0.053333
2 0.325521 0.655833 0.321875 0.411667
8 0.490625 0.525833 0.022917 0.068333
8 0.547917 0.521667 0.020833 0.073333
8 0.545833 0.524167 0.016667 0.071667
8 0.565104 0.515833 0.013542 0.078333
8 0.577083 0.518333 0.016667 0.080000
8 0.593750 0.514167 0.025000 0.081667
6 0.627083 0.527500 0.033333 0.091667
6 0.654687 0.526667 0.032292 0.090000
8 0.686979 0.526667 0.021875 0.083333
8 0.702083 0.526667 0.022917 0.086667
8 0.725000 0.521667 0.020833 0.086667
8 0.810417 0.519167 0.037500 0.135000
2 0.950521 0.519167 0.094792 0.085000
8 0.915625 0.500000 0.022917 0.060000
8 0.938021 0.492500 0.015625 0.055000
