2 0.078125 0.626667 0.156250 0.303333
2 0.136458 0.551667 0.031250 0.033333
2 0.168229 0.553333 0.046875 0.043333
2 0.234896 0.535000 0.038542 0.073333
2 0.317188 0.535833 0.101042 0.118333
2 0.398958 0.527500 0.037500 0.051667
2 0.456771 0.526667 0.042708 0.060000
2 0.489583 0.518333 0.041667 0.073333
2 0.491667 0.516667 0.029167 0.046667
2 0.538542 0.551667 0.091667 0.116667
2 0.830208 0.532500 0.072917 0.085000
5 0.907813 0.525000 0.117708 0.090000
2 0.960417 0.560000 0.050000 0.076667
8 0.987500 0.547500 0.018750 0.178333
