8 0.416406 0.518750 0.008854 0.054167
8 0.433333 0.523333 0.007292 0.045000
8 0.447656 0.522917 0.010937 0.045833
8 0.478385 0.514583 0.015104 0.055833
8 0.153125 0.530000 0.029167 0.096667
8 0.190104 0.529167 0.028125 0.095000
8 0.192188 0.528333 0.023958 0.103333
8 0.271875 0.546667 0.039583 0.133333
2 0.284896 0.542500 0.026042 0.118333
8 0.284896 0.545000 0.021875 0.130000
2 0.363021 0.522500 0.111458 0.068333
2 0.360938 0.520833 0.101042 0.055000
2 0.555729 0.512500 0.142708 0.091667
8 0.533854 0.548333 0.028125 0.123333
8 0.577083 0.532500 0.033333 0.145000
2 0.615625 0.504167 0.100000 0.075000
2 0.659375 0.500833 0.104167 0.078333
2 0.686458 0.496667 0.052083 0.076667
8 0.927604 0.592500 0.053125 0.458333
