8 0.394010 0.512500 0.017188 0.043333
8 0.825521 0.497500 0.022917 0.145000
8 0.862240 0.503333 0.029687 0.155000
2 0.157292 0.552500 0.097917 0.098333
2 0.155208 0.549167 0.085417 0.098333
2 0.217188 0.529167 0.026042 0.028333
2 0.260937 0.530000 0.044792 0.053333
5 0.421875 0.507500 0.022917 0.031667
8 0.748958 0.497500 0.018750 0.101667
8 0.751563 0.501667 0.017708 0.096667
8 0.773438 0.481667 0.028125 0.103333
8 0.772917 0.490000 0.020833 0.106667
8 0.800521 0.487500 0.021875 0.128333
8 0.802604 0.495000 0.023958 0.130000
