2 0.039583 0.576667 0.078125 0.120000
8 0.988021 0.490000 0.022917 0.171667
2 0.111458 0.562500 0.116667 0.071667
2 0.087500 0.579167 0.041667 0.095000
2 0.138021 0.564167 0.067708 0.071667
2 0.179688 0.556667 0.078125 0.080000
2 0.225521 0.544167 0.065625 0.055000
2 0.265104 0.547500 0.044792 0.048333
2 0.411979 0.551667 0.082292 0.103333
2 0.540625 0.522500 0.083333 0.071667
2 0.572917 0.534167 0.110417 0.071667
8 0.690104 0.510000 0.019792 0.093333
8 0.707812 0.515000 0.028125 0.096667
8 0.706771 0.511667 0.019792 0.090000
8 0.730208 0.510833 0.025000 0.095000
