5 0.073958 0.500833 0.147917 0.091667
2 0.045312 0.530000 0.073958 0.040000
2 0.141146 0.540833 0.063542 0.041667
2 0.224479 0.533333 0.065625 0.033333
2 0.223958 0.531667 0.056250 0.033333
2 0.291667 0.523333 0.043750 0.043333
2 0.289583 0.520833 0.037500 0.045000
2 0.334375 0.542500 0.052083 0.071667
2 0.333333 0.542500 0.050000 0.058333
2 0.365104 0.540833 0.019792 0.051667
2 0.450000 0.580000 0.125000 0.160000
2 0.506250 0.527500 0.033333 0.091667
2 0.529687 0.531667 0.013542 0.046667
2 0.539062 0.533333 0.032292 0.046667
8 0.896875 0.536667 0.041667 0.183333
