2 0.032292 0.603333 0.064583 0.080000
2 0.068750 0.590000 0.083333 0.110000
2 0.084375 0.594167 0.050000 0.098333
2 0.129688 0.599167 0.046875 0.088333
2 0.161979 0.532500 0.082292 0.065000
2 0.165104 0.600000 0.032292 0.060000
2 0.218229 0.553333 0.078125 0.056667
2 0.213542 0.583333 0.041667 0.083333
5 0.389583 0.448333 0.291667 0.610000
8 0.550521 0.569167 0.023958 0.121667
8 0.563021 0.577500 0.017708 0.115000
8 0.765104 0.529167 0.040625 0.061667
8 0.955729 0.553333 0.046875 0.106667
8 0.953125 0.558333 0.025000 0.120000
8 0.985417 0.555000 0.025000 0.170000
