2 0.056250 0.562500 0.054167 0.081667
2 0.116146 0.559167 0.086458 0.088333
2 0.194792 0.559167 0.081250 0.075000
5 0.233333 0.511667 0.081250 0.120000
2 0.301563 0.552500 0.080208 0.105000
2 0.404167 0.565833 0.110417 0.138333
8 0.480208 0.538333 0.022917 0.076667
8 0.479167 0.545833 0.016667 0.055000
8 0.638542 0.548333 0.025000 0.103333
8 0.664583 0.543333 0.027083 0.106667
8 0.680729 0.544167 0.013542 0.105000
8 0.693750 0.546667 0.031250 0.106667
6 0.755208 0.547500 0.041667 0.148333
6 0.752083 0.542500 0.035417 0.135000
8 0.769792 0.549167 0.020833 0.121667
8 0.795833 0.543333 0.031250 0.136667
8 0.918229 0.518333 0.028125 0.070000
