2 0.303906 0.527917 0.036979 0.045833
2 0.283594 0.536667 0.038021 0.051667
2 0.241146 0.540000 0.064583 0.063333
2 0.180990 0.556667 0.081771 0.090000
8 0.091146 0.526667 0.017708 0.053333
8 0.235937 0.539167 0.030208 0.128333
8 0.431250 0.521667 0.010417 0.043333
2 0.505208 0.525000 0.056250 0.093333
8 0.588542 0.520000 0.037500 0.093333
8 0.639062 0.504167 0.028125 0.118333
8 0.665104 0.510833 0.040625 0.111667
8 0.658854 0.512500 0.023958 0.095000
8 0.684375 0.503333 0.020833 0.110000
2 0.897917 0.520833 0.200000 0.121667
8 0.859896 0.480000 0.034375 0.146667
