8 0.437500 0.523333 0.017708 0.046667
8 0.471875 0.517500 0.015625 0.060000
8 0.162500 0.531667 0.029167 0.096667
8 0.188021 0.530000 0.023958 0.096667
8 0.189062 0.528333 0.023958 0.103333
8 0.237500 0.558333 0.039583 0.133333
8 0.251563 0.553333 0.021875 0.130000
2 0.254688 0.546667 0.023958 0.120000
6 0.288542 0.522500 0.027083 0.071667
2 0.368229 0.521667 0.109375 0.060000
2 0.371354 0.522500 0.111458 0.068333
2 0.558854 0.512500 0.142708 0.091667
8 0.515625 0.550000 0.029167 0.116667
8 0.563021 0.534167 0.034375 0.141667
2 0.616667 0.504167 0.100000 0.075000
2 0.660417 0.500833 0.104167 0.078333
2 0.686458 0.496667 0.052083 0.076667
8 0.927604 0.592500 0.053125 0.458333
