8 0.090104 0.535000 0.028125 0.076667
8 0.092708 0.537500 0.020833 0.081667
8 0.123958 0.526667 0.025000 0.073333
2 0.182812 0.515000 0.073958 0.076667
2 0.323437 0.549167 0.321875 0.171667
2 0.335417 0.451667 0.093750 0.096667
5 0.335938 0.435833 0.090625 0.081667
8 0.341667 0.510000 0.016667 0.076667
8 0.366146 0.500833 0.019792 0.078333
8 0.418229 0.595833 0.117708 0.375000
8 0.373437 0.496667 0.019792 0.076667
8 0.382812 0.505833 0.017708 0.068333
2 0.628125 0.531667 0.268750 0.133333
2 0.903646 0.510000 0.126042 0.093333
