8 0.843490 0.485833 0.023438 0.113333
2 0.053125 0.550833 0.105208 0.095000
2 0.104688 0.529167 0.042708 0.088333
2 0.141667 0.530833 0.045833 0.055000
2 0.142708 0.529167 0.043750 0.055000
2 0.244271 0.515833 0.042708 0.058333
2 0.388021 0.615833 0.294792 0.395000
2 0.531250 0.514167 0.085417 0.085000
8 0.771354 0.465833 0.019792 0.041667
8 0.789583 0.501667 0.035417 0.040000
8 0.799479 0.480833 0.021875 0.038333
8 0.815104 0.498333 0.017708 0.036667
8 0.830208 0.521667 0.018750 0.060000
2 0.940104 0.533333 0.117708 0.146667
