5 0.089583 0.510000 0.052083 0.060000
2 0.129167 0.530833 0.097917 0.058333
8 0.111458 0.532500 0.016667 0.071667
8 0.114583 0.534167 0.018750 0.081667
6 0.288021 0.515000 0.028125 0.053333
2 0.489063 0.491667 0.048958 0.056667
2 0.529687 0.495833 0.038542 0.041667
2 0.529167 0.499167 0.035417 0.035000
5 0.579167 0.466667 0.066667 0.083333
2 0.580729 0.461667 0.065625 0.090000
8 0.666146 0.499167 0.028125 0.098333
8 0.698958 0.505000 0.018750 0.086667
8 0.727083 0.502500 0.031250 0.095000
8 0.789062 0.480000 0.032292 0.166667
2 0.836458 0.493333 0.085417 0.043333
8 0.822917 0.478333 0.033333 0.160000
