2 0.018750 0.602500 0.037500 0.078333
2 0.047396 0.590833 0.090625 0.108333
2 0.063542 0.599167 0.050000 0.098333
2 0.142187 0.550833 0.111458 0.085000
2 0.115104 0.599167 0.046875 0.088333
2 0.152083 0.544167 0.081250 0.071667
2 0.146354 0.598333 0.032292 0.060000
2 0.218229 0.553333 0.078125 0.056667
2 0.205208 0.586667 0.041667 0.083333
5 0.386458 0.457500 0.245833 0.515000
8 0.545312 0.572500 0.023958 0.121667
8 0.560937 0.579167 0.017708 0.115000
8 0.767188 0.530833 0.040625 0.061667
8 0.985417 0.555000 0.025000 0.170000
