8 0.080208 0.537500 0.017708 0.083333
6 0.058854 0.540833 0.034375 0.088333
2 0.175000 0.523333 0.087500 0.073333
8 0.157292 0.530000 0.016667 0.073333
8 0.161458 0.521667 0.016667 0.076667
8 0.181771 0.525000 0.019792 0.076667
8 0.201042 0.524167 0.020833 0.068333
8 0.219271 0.519167 0.019792 0.078333
2 0.242188 0.533333 0.059375 0.040000
2 0.244792 0.515833 0.062500 0.058333
8 0.248438 0.520833 0.017708 0.068333
8 0.273438 0.517500 0.017708 0.061667
8 0.282813 0.524167 0.023958 0.081667
8 0.284896 0.513333 0.023958 0.073333
2 0.329167 0.480833 0.097917 0.148333
5 0.331250 0.462500 0.100000 0.108333
8 0.300521 0.520000 0.017708 0.073333
8 0.299479 0.521667 0.011458 0.066667
2 0.551562 0.510833 0.040625 0.055000
2 0.652083 0.523333 0.106250 0.083333
2 0.897396 0.516667 0.144792 0.080000
