2 0.032552 0.528750 0.050521 0.055833
2 0.103646 0.522083 0.050000 0.045833
5 0.175521 0.491667 0.119792 0.193333
5 0.254688 0.497500 0.046875 0.095000
2 0.257292 0.494167 0.039583 0.085000
2 0.345313 0.480833 0.019792 0.048333
2 0.375521 0.502500 0.053125 0.085000
2 0.380208 0.460833 0.027083 0.021667
2 0.381771 0.453333 0.017708 0.023333
2 0.409375 0.485833 0.033333 0.048333
2 0.449479 0.517500 0.078125 0.125000
2 0.478125 0.467500 0.016667 0.025000
2 0.504167 0.470833 0.037500 0.041667
2 0.508333 0.470000 0.037500 0.043333
2 0.550000 0.487500 0.041667 0.048333
2 0.603646 0.494167 0.061458 0.055000
8 0.669271 0.488333 0.017708 0.066667
2 0.817708 0.504167 0.137500 0.068333
