2 0.071354 0.561667 0.055208 0.053333
2 0.072917 0.564167 0.043750 0.038333
2 0.126562 0.554167 0.046875 0.045000
2 0.232813 0.545833 0.148958 0.168333
2 0.379688 0.530833 0.040625 0.065000
2 0.428646 0.529167 0.048958 0.071667
2 0.470833 0.518333 0.041667 0.073333
2 0.472917 0.515000 0.029167 0.046667
2 0.591146 0.569167 0.161458 0.181667
5 0.681771 0.527500 0.076042 0.048333
2 0.716667 0.529167 0.093750 0.061667
8 0.843229 0.535000 0.036458 0.140000
8 0.853125 0.525000 0.027083 0.160000
8 0.853125 0.520000 0.016667 0.153333
