2 0.044792 0.515833 0.089583 0.178333
2 0.045833 0.550833 0.075000 0.221667
2 0.094271 0.580000 0.128125 0.173333
5 0.107292 0.473333 0.089583 0.073333
2 0.284896 0.589167 0.326042 0.415000
2 0.485938 0.517500 0.038542 0.045000
2 0.485417 0.516667 0.022917 0.040000
2 0.518750 0.524167 0.029167 0.055000
2 0.799479 0.633333 0.376042 0.366667
2 0.636458 0.543333 0.045833 0.116667
2 0.761458 0.471667 0.231250 0.103333
5 0.902604 0.475833 0.078125 0.128333
8 0.947917 0.512500 0.027083 0.055000
2 0.988021 0.520833 0.021875 0.061667
