6 0.596875 0.510417 0.010417 0.027500
8 0.563281 0.513750 0.010937 0.034167
6 0.464844 0.518750 0.006771 0.034167
8 0.927604 0.540417 0.047917 0.274167
8 0.123958 0.546667 0.014583 0.083333
8 0.126562 0.550000 0.013542 0.086667
8 0.157812 0.545833 0.015625 0.098333
8 0.158854 0.545833 0.015625 0.091667
8 0.240625 0.530000 0.018750 0.073333
8 0.241146 0.530833 0.013542 0.061667
6 0.313021 0.528333 0.021875 0.063333
6 0.316146 0.531667 0.017708 0.063333
6 0.386458 0.536667 0.035417 0.120000
2 0.525000 0.522500 0.050000 0.058333
2 0.971354 0.495000 0.055208 0.040000
