8 0.013021 0.549167 0.023958 0.105000
2 0.189583 0.559167 0.102083 0.108333
2 0.321354 0.646667 0.288542 0.336667
2 0.454688 0.540833 0.111458 0.178333
2 0.527604 0.519167 0.063542 0.085000
2 0.529167 0.518333 0.058333 0.066667
8 0.564583 0.527500 0.029167 0.125000
8 0.574479 0.532500 0.015625 0.131667
8 0.583854 0.506667 0.021875 0.070000
8 0.594792 0.520000 0.029167 0.113333
8 0.635938 0.519167 0.026042 0.108333
8 0.707292 0.506667 0.014583 0.070000
8 0.720833 0.501667 0.014583 0.086667
8 0.747396 0.503333 0.044792 0.073333
2 0.895312 0.602500 0.207292 0.525000
