8 0.075521 0.575000 0.026042 0.103333
8 0.098958 0.570000 0.029167 0.106667
8 0.127604 0.574167 0.013542 0.095000
8 0.172917 0.567500 0.022917 0.098333
8 0.279687 0.544167 0.019792 0.051667
8 0.293750 0.545000 0.016667 0.050000
2 0.344271 0.551667 0.023958 0.040000
2 0.411979 0.564167 0.142708 0.208333
2 0.481771 0.540833 0.069792 0.078333
2 0.545312 0.560833 0.046875 0.108333
2 0.595833 0.575833 0.112500 0.171667
2 0.573438 0.579167 0.055208 0.151667
2 0.682292 0.621667 0.204167 0.223333
2 0.671354 0.620833 0.163542 0.231667
2 0.852604 0.699167 0.292708 0.598333
8 0.814583 0.468333 0.039583 0.076667
8 0.810937 0.459167 0.019792 0.048333
