2 0.027083 0.555833 0.054167 0.208333
8 0.031250 0.503333 0.018750 0.046667
8 0.045312 0.512500 0.015625 0.041667
8 0.106771 0.531667 0.013542 0.080000
8 0.160938 0.520833 0.013542 0.071667
2 0.217188 0.526667 0.109375 0.066667
2 0.347917 0.597500 0.197917 0.258333
2 0.451562 0.522500 0.065625 0.131667
2 0.497917 0.515833 0.045833 0.065000
8 0.533854 0.518333 0.026042 0.096667
8 0.532292 0.516667 0.016667 0.090000
8 0.541667 0.514167 0.014583 0.085000
8 0.559896 0.510000 0.015625 0.093333
8 0.573438 0.496667 0.021875 0.070000
8 0.572917 0.503333 0.014583 0.066667
8 0.591667 0.502500 0.018750 0.055000
2 0.761979 0.556667 0.282292 0.273333
