2 0.910677 0.535833 0.177604 0.246667
8 0.016667 0.559167 0.032292 0.135000
8 0.013021 0.566667 0.025000 0.130000
2 0.121875 0.551667 0.097917 0.106667
2 0.122396 0.556667 0.076042 0.083333
2 0.232292 0.543333 0.083333 0.093333
2 0.288021 0.525000 0.021875 0.050000
2 0.365625 0.516667 0.043750 0.070000
2 0.432292 0.519167 0.056250 0.068333
2 0.435937 0.519167 0.046875 0.058333
8 0.587500 0.518333 0.018750 0.126667
8 0.602083 0.508333 0.016667 0.126667
8 0.621354 0.503333 0.028125 0.130000
8 0.627083 0.517500 0.020833 0.118333
