2 0.083333 0.517500 0.054167 0.045000
2 0.087500 0.528333 0.037500 0.053333
2 0.093750 0.499167 0.041667 0.031667
2 0.170833 0.503333 0.102083 0.063333
2 0.271354 0.520833 0.101042 0.085000
2 0.351562 0.514167 0.071875 0.075000
2 0.428125 0.498333 0.035417 0.040000
2 0.428646 0.497500 0.028125 0.035000
2 0.451042 0.500833 0.025000 0.048333
2 0.471354 0.497500 0.032292 0.041667
2 0.535937 0.488333 0.026042 0.046667
2 0.534375 0.486667 0.020833 0.040000
2 0.552604 0.498333 0.017708 0.056667
2 0.573438 0.500833 0.017708 0.045000
2 0.609896 0.490833 0.038542 0.065000
2 0.863021 0.510000 0.073958 0.113333
2 0.892708 0.483333 0.072917 0.063333
8 0.978125 0.476667 0.025000 0.096667
8 0.980208 0.489167 0.022917 0.078333
