2 0.083333 0.517500 0.054167 0.045000
2 0.090625 0.527500 0.037500 0.051667
2 0.096875 0.495833 0.041667 0.031667
2 0.175000 0.503333 0.102083 0.063333
2 0.321875 0.520000 0.095833 0.083333
2 0.421354 0.502500 0.071875 0.075000
2 0.477604 0.494167 0.032292 0.041667
2 0.568229 0.490833 0.026042 0.041667
2 0.565104 0.495000 0.019792 0.043333
2 0.589063 0.490833 0.038542 0.051667
2 0.587500 0.489167 0.031250 0.035000
2 0.642708 0.495000 0.050000 0.066667
2 0.646875 0.489167 0.041667 0.048333
2 0.695312 0.510000 0.080208 0.103333
2 0.856771 0.510000 0.073958 0.113333
8 0.910417 0.482500 0.022917 0.078333
8 0.985417 0.502500 0.025000 0.131667
