8 0.986198 0.630833 0.026562 0.401667
6 0.032292 0.540000 0.047917 0.080000
8 0.027083 0.546667 0.016667 0.080000
6 0.040625 0.544167 0.031250 0.071667
8 0.041667 0.536667 0.014583 0.076667
8 0.080729 0.538333 0.023958 0.080000
6 0.082292 0.537500 0.010417 0.068333
6 0.095833 0.539167 0.025000 0.068333
6 0.094792 0.538333 0.016667 0.066667
2 0.171875 0.525000 0.087500 0.073333
5 0.173437 0.521667 0.082292 0.083333
5 0.239583 0.511667 0.056250 0.056667
2 0.244792 0.515833 0.062500 0.058333
2 0.247396 0.532500 0.057292 0.048333
8 0.284896 0.513333 0.023958 0.073333
5 0.328125 0.481667 0.100000 0.146667
2 0.414062 0.520000 0.023958 0.033333
2 0.465104 0.513333 0.028125 0.040000
2 0.565104 0.507500 0.088542 0.091667
