8 0.013021 0.559167 0.021875 0.085000
8 0.013021 0.558333 0.017708 0.073333
8 0.031771 0.568333 0.017708 0.053333
8 0.044271 0.543333 0.015625 0.060000
8 0.056771 0.541667 0.019792 0.063333
8 0.082292 0.544167 0.018750 0.068333
8 0.082292 0.541667 0.014583 0.080000
8 0.123958 0.551667 0.070833 0.186667
8 0.106250 0.538333 0.016667 0.063333
8 0.192708 0.538333 0.064583 0.180000
2 0.235937 0.545833 0.073958 0.098333
2 0.307292 0.612500 0.210417 0.248333
2 0.415625 0.528333 0.054167 0.080000
2 0.416146 0.532500 0.055208 0.071667
8 0.610417 0.541667 0.043750 0.170000
8 0.723958 0.542500 0.035417 0.178333
8 0.747396 0.520833 0.046875 0.175000
