5 0.108854 0.432500 0.217708 0.561667
2 0.246354 0.545833 0.069792 0.111667
2 0.244792 0.545833 0.058333 0.111667
2 0.370833 0.556667 0.191667 0.286667
2 0.476562 0.520833 0.032292 0.045000
5 0.645833 0.425000 0.281250 0.420000
2 0.878125 0.695833 0.239583 0.591667
2 0.835938 0.465833 0.101042 0.101667
8 0.818750 0.497500 0.018750 0.088333
8 0.819271 0.495000 0.015625 0.086667
8 0.834896 0.482500 0.019792 0.048333
8 0.838021 0.485833 0.015625 0.051667
8 0.846354 0.487500 0.013542 0.058333
8 0.850000 0.480833 0.012500 0.045000
8 0.861979 0.473333 0.013542 0.053333
8 0.862500 0.474167 0.014583 0.045000
