2 0.904948 0.727500 0.189062 0.471667
2 0.147917 0.563333 0.093750 0.113333
8 0.120833 0.533333 0.018750 0.043333
2 0.209375 0.550833 0.041667 0.085000
2 0.240104 0.545000 0.028125 0.063333
2 0.338021 0.526667 0.017708 0.033333
2 0.390625 0.535000 0.095833 0.146667
2 0.449479 0.519167 0.021875 0.048333
2 0.536979 0.535833 0.084375 0.098333
2 0.777083 0.615833 0.322917 0.301667
2 0.718750 0.620000 0.197917 0.286667
8 0.663542 0.505000 0.033333 0.080000
8 0.662500 0.505000 0.029167 0.070000
8 0.714063 0.464167 0.015625 0.028333
