8 0.141667 0.530000 0.052083 0.080000
8 0.140625 0.520833 0.022917 0.065000
8 0.172396 0.527500 0.017708 0.071667
2 0.247917 0.528333 0.089583 0.103333
2 0.391146 0.597500 0.203125 0.241667
2 0.468750 0.545833 0.116667 0.175000
8 0.585417 0.539167 0.037500 0.135000
2 0.647917 0.515000 0.147917 0.106667
8 0.598958 0.531667 0.016667 0.163333
8 0.618750 0.517500 0.033333 0.128333
8 0.669792 0.520833 0.031250 0.125000
8 0.668750 0.510000 0.025000 0.096667
8 0.691667 0.497500 0.020833 0.088333
8 0.719792 0.491667 0.025000 0.090000
8 0.832292 0.496667 0.052083 0.080000
