2 0.083333 0.517500 0.054167 0.045000
2 0.087500 0.532500 0.037500 0.051667
2 0.093750 0.499167 0.041667 0.031667
2 0.172917 0.503333 0.102083 0.063333
2 0.287500 0.523333 0.095833 0.083333
2 0.378646 0.510833 0.071875 0.075000
2 0.441146 0.499167 0.028125 0.035000
2 0.445833 0.493333 0.035417 0.040000
2 0.474479 0.495833 0.032292 0.041667
2 0.552604 0.492500 0.026042 0.041667
2 0.552604 0.493333 0.019792 0.043333
2 0.579688 0.494167 0.038542 0.051667
2 0.576042 0.495833 0.031250 0.035000
2 0.618750 0.491667 0.050000 0.066667
2 0.620833 0.489167 0.041667 0.048333
2 0.663021 0.495833 0.065625 0.085000
8 0.759896 0.485833 0.023958 0.065000
2 0.858854 0.510000 0.073958 0.113333
8 0.934375 0.488333 0.025000 0.096667
8 0.938542 0.482500 0.022917 0.078333
