2 0.120833 0.542917 0.071875 0.075833
2 0.019792 0.694167 0.037500 0.245000
2 0.176563 0.539167 0.051042 0.058333
2 0.325521 0.655833 0.321875 0.411667
8 0.495312 0.526667 0.023958 0.070000
8 0.534375 0.522500 0.012500 0.071667
8 0.544271 0.520000 0.019792 0.083333
8 0.566667 0.517500 0.016667 0.078333
8 0.590104 0.515000 0.026042 0.083333
6 0.628125 0.527500 0.033333 0.091667
6 0.655208 0.525833 0.033333 0.088333
8 0.686979 0.527500 0.021875 0.081667
8 0.702604 0.525000 0.021875 0.086667
8 0.724479 0.521667 0.019792 0.086667
8 0.881250 0.520000 0.035417 0.150000
8 0.898438 0.508333 0.017708 0.076667
8 0.900000 0.515833 0.020833 0.081667
2 0.954167 0.521667 0.085417 0.086667
