2 0.303906 0.527917 0.036979 0.045833
2 0.283594 0.536667 0.038021 0.051667
2 0.241146 0.540000 0.064583 0.063333
2 0.180990 0.556667 0.081771 0.090000
8 0.096875 0.527500 0.014583 0.051667
8 0.263021 0.534167 0.030208 0.128333
8 0.429167 0.518333 0.010417 0.043333
2 0.505208 0.525000 0.056250 0.093333
8 0.588542 0.520000 0.037500 0.093333
8 0.638542 0.506667 0.027083 0.116667
8 0.663542 0.510000 0.037500 0.110000
8 0.661979 0.512500 0.023958 0.095000
2 0.874479 0.520000 0.246875 0.120000
8 0.859896 0.480000 0.034375 0.146667
