8 0.677344 0.508333 0.023438 0.123333
2 0.164062 0.517500 0.126042 0.078333
2 0.251042 0.505000 0.035417 0.073333
2 0.283333 0.499167 0.022917 0.058333
2 0.306250 0.495833 0.020833 0.055000
2 0.327083 0.498333 0.018750 0.036667
2 0.400521 0.531667 0.103125 0.140000
2 0.445833 0.492500 0.029167 0.048333
8 0.468750 0.498333 0.010417 0.053333
2 0.479687 0.495000 0.013542 0.053333
2 0.513542 0.505000 0.039583 0.073333
8 0.621875 0.504167 0.014583 0.108333
8 0.658854 0.511667 0.017708 0.106667
8 0.704167 0.509167 0.014583 0.115000
8 0.757292 0.500833 0.014583 0.128333
8 0.818229 0.504167 0.023958 0.121667
