8 0.017188 0.558333 0.034375 0.216667
2 0.122917 0.538333 0.072917 0.076667
8 0.136458 0.542500 0.018750 0.081667
8 0.140104 0.539167 0.021875 0.081667
6 0.170833 0.539167 0.052083 0.071667
2 0.329688 0.652500 0.332292 0.418333
6 0.463021 0.511667 0.028125 0.036667
8 0.521875 0.520000 0.020833 0.063333
8 0.522917 0.522500 0.016667 0.058333
8 0.536979 0.520000 0.015625 0.070000
8 0.538542 0.518333 0.016667 0.063333
8 0.594792 0.504167 0.022917 0.078333
8 0.616146 0.489167 0.017708 0.041667
6 0.659375 0.526667 0.025000 0.090000
2 0.780729 0.526667 0.157292 0.093333
