8 0.542708 0.513750 0.039583 0.110833
8 0.055729 0.538333 0.030208 0.100000
8 0.070312 0.539167 0.021875 0.095000
8 0.153125 0.573333 0.029167 0.316667
8 0.202604 0.576667 0.042708 0.326667
8 0.276042 0.561667 0.081250 0.333333
8 0.285938 0.568333 0.038542 0.320000
2 0.352604 0.501667 0.040625 0.056667
8 0.411979 0.574167 0.053125 0.318333
8 0.478646 0.546667 0.061458 0.250000
8 0.465104 0.547500 0.028125 0.251667
8 0.494271 0.553333 0.042708 0.356667
2 0.828125 0.500000 0.237500 0.140000
8 0.830208 0.545833 0.060417 0.288333
8 0.831250 0.543333 0.054167 0.276667
8 0.872396 0.542500 0.059375 0.295000
