2 0.080729 0.559167 0.161458 0.188333
8 0.023438 0.525833 0.021875 0.068333
2 0.189583 0.537500 0.108333 0.125000
2 0.277604 0.522500 0.088542 0.065000
2 0.276562 0.521667 0.082292 0.056667
2 0.326042 0.520833 0.043750 0.058333
2 0.324479 0.523333 0.036458 0.040000
2 0.338542 0.513333 0.058333 0.060000
2 0.341667 0.503333 0.035417 0.040000
2 0.375521 0.515000 0.030208 0.040000
2 0.419271 0.507500 0.055208 0.071667
2 0.416667 0.509167 0.041667 0.055000
2 0.475000 0.518333 0.081250 0.073333
2 0.534896 0.518333 0.030208 0.053333
2 0.656250 0.515833 0.189583 0.165000
2 0.659896 0.516667 0.173958 0.150000
2 0.726042 0.542500 0.237500 0.171667
