6 0.054688 0.546667 0.034375 0.070000
6 0.064583 0.541667 0.016667 0.066667
8 0.080729 0.538333 0.023958 0.080000
8 0.083854 0.541667 0.026042 0.076667
6 0.082292 0.537500 0.010417 0.068333
2 0.171875 0.525000 0.087500 0.073333
5 0.173437 0.521667 0.082292 0.083333
5 0.238542 0.511667 0.056250 0.056667
2 0.244792 0.515833 0.062500 0.058333
2 0.247396 0.532500 0.057292 0.048333
8 0.284896 0.513333 0.023958 0.073333
5 0.328125 0.481667 0.100000 0.146667
2 0.389062 0.518333 0.023958 0.033333
2 0.424479 0.517500 0.032292 0.035000
2 0.465104 0.513333 0.028125 0.040000
2 0.545312 0.507500 0.044792 0.065000
2 0.636458 0.501667 0.052083 0.036667
2 0.960938 0.524167 0.076042 0.071667
