2 0.128646 0.560833 0.140625 0.125000
8 0.217708 0.526667 0.018750 0.066667
8 0.249479 0.532500 0.019792 0.071667
2 0.373437 0.609167 0.217708 0.255000
2 0.293229 0.530000 0.053125 0.080000
2 0.458333 0.543333 0.104167 0.176667
2 0.542188 0.526667 0.094792 0.110000
8 0.571875 0.534167 0.029167 0.125000
8 0.590625 0.531667 0.016667 0.153333
8 0.606771 0.523333 0.028125 0.126667
8 0.656250 0.513333 0.025000 0.096667
8 0.673958 0.492500 0.027083 0.078333
8 0.730208 0.485000 0.020833 0.060000
8 0.783333 0.501667 0.043750 0.076667
2 0.946354 0.668333 0.103125 0.436667
