8 0.020313 0.551667 0.021875 0.096667
8 0.021875 0.550000 0.018750 0.093333
8 0.046875 0.547500 0.020833 0.095000
8 0.047396 0.547500 0.017708 0.091667
8 0.060937 0.545833 0.017708 0.101667
8 0.075000 0.563333 0.016667 0.053333
8 0.096875 0.540833 0.018750 0.111667
2 0.126562 0.555833 0.078125 0.081667
2 0.227083 0.545000 0.083333 0.093333
2 0.282292 0.529167 0.031250 0.065000
2 0.309896 0.519167 0.030208 0.065000
2 0.356771 0.517500 0.053125 0.078333
2 0.435417 0.521667 0.047917 0.053333
8 0.511458 0.498333 0.012500 0.080000
8 0.531771 0.502500 0.013542 0.081667
8 0.541667 0.509167 0.012500 0.068333
2 0.948177 0.510000 0.102604 0.186667
8 0.985417 0.478333 0.025000 0.156667
