2 0.189062 0.520000 0.138542 0.133333
2 0.188542 0.515833 0.129167 0.128333
2 0.276042 0.519167 0.056250 0.035000
2 0.282292 0.514167 0.060417 0.048333
2 0.358333 0.515000 0.045833 0.076667
2 0.365625 0.518333 0.056250 0.076667
2 0.481250 0.510000 0.064583 0.060000
2 0.556771 0.506667 0.026042 0.046667
2 0.593750 0.496667 0.035417 0.036667
2 0.596875 0.503333 0.033333 0.043333
2 0.682292 0.491667 0.037500 0.046667
2 0.716667 0.530833 0.087500 0.155000
2 0.740104 0.540000 0.130208 0.163333
2 0.872917 0.578333 0.245833 0.400000
8 0.992188 0.510833 0.013542 0.078333
