2 0.041146 0.567500 0.082292 0.208333
2 0.044271 0.578333 0.088542 0.193333
2 0.095312 0.555833 0.094792 0.195000
2 0.119792 0.530000 0.072917 0.136667
2 0.135417 0.540000 0.041667 0.133333
2 0.179167 0.533333 0.075000 0.146667
2 0.189062 0.534167 0.073958 0.111667
8 0.260417 0.512500 0.025000 0.141667
8 0.261979 0.504167 0.026042 0.118333
2 0.298958 0.519167 0.093750 0.078333
8 0.288542 0.509167 0.025000 0.131667
8 0.291146 0.505833 0.019792 0.101667
5 0.350000 0.510000 0.022917 0.080000
5 0.375521 0.504167 0.067708 0.078333
5 0.447917 0.477500 0.056250 0.121667
5 0.446354 0.475000 0.053125 0.110000
2 0.496354 0.512500 0.034375 0.055000
2 0.505729 0.513333 0.046875 0.060000
5 0.504687 0.450833 0.036458 0.088333
8 0.517188 0.546667 0.057292 0.356667
8 0.563021 0.555000 0.071875 0.356667
8 0.684896 0.491667 0.028125 0.133333
