5 0.320833 0.525000 0.041667 0.076667
5 0.324479 0.525000 0.046875 0.080000
2 0.375521 0.546667 0.036458 0.050000
2 0.420312 0.539167 0.034375 0.045000
2 0.421354 0.540000 0.028125 0.043333
2 0.485417 0.535000 0.033333 0.043333
8 0.643229 0.512500 0.015625 0.091667
8 0.645833 0.514167 0.018750 0.095000
5 0.677604 0.512500 0.030208 0.051667
8 0.746354 0.540000 0.030208 0.136667
8 0.748958 0.545000 0.020833 0.140000
8 0.770312 0.535000 0.015625 0.113333
8 0.793229 0.530000 0.038542 0.096667
8 0.795833 0.537500 0.022917 0.105000
