2 0.970052 0.646250 0.058854 0.157500
2 0.056510 0.562083 0.111979 0.115833
8 0.891146 0.519583 0.029167 0.182500
8 0.851302 0.530417 0.033854 0.162500
2 0.139583 0.539167 0.089583 0.108333
2 0.147396 0.531667 0.080208 0.130000
2 0.201563 0.523333 0.059375 0.076667
2 0.231771 0.520000 0.026042 0.070000
2 0.254167 0.519167 0.022917 0.061667
2 0.403125 0.518333 0.056250 0.090000
2 0.458333 0.535000 0.093750 0.110000
2 0.456250 0.535000 0.077083 0.096667
2 0.608854 0.531667 0.080208 0.143333
2 0.709375 0.560833 0.162500 0.158333
