8 0.025000 0.564583 0.048958 0.150833
8 0.082812 0.540000 0.013542 0.070000
2 0.122917 0.553333 0.079167 0.103333
2 0.227604 0.549167 0.080208 0.118333
2 0.281771 0.529167 0.021875 0.048333
2 0.401562 0.513333 0.017708 0.043333
2 0.434375 0.520833 0.054167 0.065000
8 0.470313 0.526667 0.021875 0.126667
8 0.603125 0.497500 0.022917 0.105000
2 0.857292 0.517500 0.266667 0.168333
8 0.828125 0.440000 0.022917 0.050000
8 0.829167 0.460833 0.022917 0.071667
8 0.834375 0.436667 0.018750 0.040000
8 0.842187 0.442500 0.023958 0.038333
8 0.866146 0.436667 0.026042 0.043333
8 0.877604 0.434167 0.032292 0.055000
8 0.915104 0.433333 0.023958 0.050000
8 0.914583 0.435000 0.022917 0.046667
8 0.919271 0.425000 0.013542 0.043333
8 0.942187 0.434167 0.032292 0.075000
