2 0.128646 0.521667 0.186458 0.143333
2 0.147917 0.516667 0.160417 0.140000
2 0.198437 0.497500 0.055208 0.081667
2 0.394792 0.513333 0.056250 0.063333
2 0.444271 0.498333 0.023958 0.040000
2 0.486979 0.495833 0.038542 0.045000
2 0.600000 0.484167 0.050000 0.055000
2 0.606250 0.484167 0.039583 0.065000
2 0.635938 0.492500 0.048958 0.055000
2 0.640104 0.487500 0.036458 0.048333
2 0.664062 0.485833 0.034375 0.035000
2 0.670312 0.490000 0.017708 0.056667
2 0.724479 0.516667 0.067708 0.113333
2 0.728646 0.505000 0.076042 0.086667
2 0.816667 0.505000 0.137500 0.170000
8 0.977604 0.484167 0.030208 0.095000
8 0.981250 0.494167 0.025000 0.131667
