2 0.121094 0.543333 0.069271 0.075000
2 0.177083 0.539167 0.050000 0.058333
2 0.326042 0.654167 0.322917 0.415000
8 0.496354 0.526667 0.023958 0.070000
8 0.540625 0.519167 0.020833 0.075000
8 0.586979 0.515000 0.026042 0.083333
6 0.629167 0.527500 0.033333 0.091667
6 0.655729 0.525833 0.032292 0.088333
8 0.686979 0.528333 0.021875 0.080000
8 0.702604 0.525000 0.021875 0.086667
8 0.724479 0.521667 0.019792 0.086667
8 0.879687 0.516667 0.017708 0.076667
8 0.881250 0.522500 0.020833 0.081667
8 0.902604 0.522500 0.036458 0.151667
2 0.962500 0.524167 0.068750 0.085000
