8 0.945312 0.545000 0.025000 0.120000
2 0.016146 0.586667 0.031250 0.150000
2 0.023438 0.573333 0.034375 0.183333
2 0.090104 0.580000 0.128125 0.176667
5 0.083854 0.485833 0.111458 0.081667
2 0.284896 0.590000 0.328125 0.420000
2 0.472917 0.529167 0.075000 0.081667
2 0.463021 0.518333 0.048958 0.063333
2 0.531771 0.525833 0.034375 0.045000
2 0.532292 0.516667 0.022917 0.033333
8 0.612500 0.518333 0.014583 0.040000
2 0.690625 0.563333 0.147917 0.170000
5 0.803125 0.480000 0.095833 0.116667
2 0.877083 0.481667 0.233333 0.163333
2 0.888542 0.524167 0.145833 0.081667
