2 0.083333 0.616250 0.165625 0.219167
2 0.208333 0.599167 0.100000 0.131667
8 0.286458 0.550833 0.016667 0.071667
8 0.300521 0.552500 0.015625 0.068333
8 0.359896 0.550000 0.017708 0.073333
8 0.365104 0.550833 0.017708 0.071667
2 0.402083 0.560000 0.045833 0.063333
2 0.430208 0.550833 0.025000 0.058333
2 0.558854 0.541667 0.051042 0.080000
2 0.597396 0.529167 0.023958 0.045000
2 0.642188 0.544167 0.040625 0.068333
2 0.674479 0.563333 0.032292 0.116667
2 0.700521 0.569167 0.042708 0.135000
2 0.765104 0.587500 0.119792 0.215000
2 0.893229 0.642500 0.205208 0.381667
