6 0.054688 0.546667 0.034375 0.070000
6 0.054167 0.541667 0.016667 0.066667
8 0.080729 0.538333 0.023958 0.080000
8 0.083854 0.541667 0.026042 0.076667
6 0.081250 0.537500 0.010417 0.068333
2 0.171875 0.525000 0.087500 0.073333
5 0.173437 0.521667 0.082292 0.083333
5 0.236458 0.511667 0.056250 0.056667
2 0.244792 0.515833 0.062500 0.058333
2 0.245312 0.532500 0.057292 0.048333
8 0.284896 0.513333 0.023958 0.073333
5 0.327083 0.481667 0.100000 0.146667
2 0.398438 0.517500 0.032292 0.035000
2 0.443229 0.513333 0.028125 0.030000
2 0.465104 0.513333 0.028125 0.040000
2 0.584375 0.525833 0.070833 0.065000
2 0.867188 0.634167 0.259375 0.718333
2 0.868750 0.631667 0.258333 0.723333
