2 0.048438 0.536667 0.096875 0.140000
2 0.115104 0.520833 0.036458 0.088333
2 0.186979 0.529167 0.069792 0.051667
2 0.193229 0.527500 0.067708 0.061667
8 0.174479 0.515833 0.017708 0.085000
2 0.259375 0.531667 0.052083 0.056667
2 0.258854 0.530833 0.046875 0.058333
8 0.282292 0.519167 0.022917 0.095000
8 0.282292 0.517500 0.020833 0.098333
8 0.304167 0.515833 0.025000 0.111667
6 0.413021 0.526667 0.021875 0.070000
8 0.410938 0.531667 0.015625 0.066667
8 0.414583 0.526667 0.010417 0.053333
2 0.555208 0.535833 0.106250 0.078333
2 0.548958 0.536667 0.091667 0.063333
2 0.534375 0.510833 0.022917 0.108333
8 0.538021 0.519167 0.028125 0.121667
2 0.792708 0.550000 0.410417 0.216667
