8 0.024219 0.562500 0.022396 0.098333
6 0.056771 0.555000 0.032292 0.076667
5 0.199479 0.518333 0.094792 0.083333
2 0.218750 0.547500 0.100000 0.051667
2 0.220312 0.546667 0.101042 0.060000
2 0.304688 0.550000 0.069792 0.083333
2 0.346875 0.534167 0.022917 0.031667
2 0.347917 0.535000 0.016667 0.030000
2 0.406250 0.548333 0.068750 0.083333
8 0.459896 0.529167 0.015625 0.095000
8 0.467187 0.530000 0.026042 0.093333
8 0.469271 0.530000 0.015625 0.086667
5 0.564063 0.498333 0.192708 0.096667
2 0.543229 0.532500 0.088542 0.135000
2 0.529687 0.534167 0.044792 0.121667
2 0.602083 0.560000 0.120833 0.140000
8 0.789583 0.514167 0.025000 0.105000
8 0.793229 0.513333 0.032292 0.100000
6 0.921875 0.504167 0.031250 0.071667
