8 0.294792 0.533750 0.012500 0.054167
8 0.048438 0.567500 0.040625 0.125000
8 0.082292 0.570833 0.018750 0.108333
8 0.133854 0.550833 0.028125 0.105000
8 0.175521 0.539167 0.017708 0.055000
8 0.253646 0.532500 0.019792 0.051667
8 0.282292 0.533333 0.016667 0.050000
2 0.346354 0.540000 0.034375 0.056667
2 0.419271 0.552500 0.142708 0.208333
2 0.526042 0.528333 0.106250 0.076667
2 0.573958 0.559167 0.052083 0.155000
2 0.668229 0.588333 0.178125 0.226667
2 0.633854 0.586667 0.105208 0.216667
2 0.829688 0.668333 0.338542 0.400000
2 0.830208 0.692500 0.333333 0.408333
8 0.891667 0.447500 0.060417 0.095000
8 0.894792 0.454167 0.062500 0.108333
