8 0.122396 0.510833 0.023958 0.055000
8 0.122917 0.510833 0.022917 0.051667
8 0.203646 0.585833 0.065625 0.268333
8 0.259375 0.572500 0.056250 0.241667
8 0.261458 0.572500 0.045833 0.235000
8 0.328646 0.562500 0.065625 0.265000
8 0.367188 0.577500 0.044792 0.225000
2 0.430208 0.549167 0.135417 0.165000
2 0.496354 0.505833 0.038542 0.065000
8 0.496875 0.525000 0.027083 0.126667
2 0.570833 0.498333 0.137500 0.083333
2 0.638542 0.497500 0.100000 0.075000
2 0.683333 0.494167 0.104167 0.078333
2 0.708333 0.490000 0.052083 0.076667
