2 0.910417 0.580000 0.178125 0.220000
2 0.247396 0.508333 0.092708 0.103333
2 0.307292 0.505000 0.027083 0.036667
2 0.363542 0.499167 0.064583 0.058333
2 0.369271 0.500000 0.059375 0.053333
2 0.467187 0.499167 0.046875 0.048333
2 0.463021 0.498333 0.038542 0.040000
2 0.545312 0.490000 0.053125 0.046667
2 0.539062 0.494167 0.030208 0.048333
2 0.604688 0.513333 0.105208 0.126667
2 0.677604 0.501667 0.040625 0.086667
2 0.681771 0.504167 0.046875 0.095000
2 0.718229 0.516667 0.069792 0.093333
2 0.721354 0.515000 0.046875 0.096667
2 0.798438 0.532500 0.132292 0.145000
2 0.788542 0.531667 0.091667 0.146667
8 0.992188 0.510833 0.013542 0.078333
