8 0.069792 0.575000 0.022917 0.123333
8 0.126042 0.573333 0.037500 0.106667
8 0.120313 0.574167 0.023958 0.108333
8 0.135937 0.546667 0.015625 0.036667
2 0.161979 0.562500 0.021875 0.078333
8 0.163021 0.569167 0.017708 0.071667
2 0.204687 0.578333 0.076042 0.083333
2 0.282292 0.570000 0.085417 0.106667
2 0.341146 0.551667 0.073958 0.083333
2 0.342708 0.555833 0.037500 0.055000
2 0.427604 0.554167 0.096875 0.151667
2 0.484896 0.545000 0.030208 0.043333
8 0.598437 0.533333 0.019792 0.096667
8 0.613021 0.524167 0.026042 0.095000
8 0.612500 0.524167 0.014583 0.078333
8 0.636979 0.521667 0.019792 0.100000
8 0.685937 0.515000 0.017708 0.090000
8 0.701562 0.523333 0.013542 0.093333
8 0.930729 0.490833 0.026042 0.121667
2 0.963542 0.540000 0.068750 0.100000
8 0.987500 0.470833 0.022917 0.075000
