2 0.094792 0.551667 0.060417 0.066667
2 0.138021 0.548333 0.055208 0.060000
2 0.143750 0.546667 0.041667 0.060000
2 0.171875 0.550000 0.037500 0.053333
2 0.199479 0.541667 0.034375 0.043333
2 0.246354 0.539167 0.036458 0.035000
2 0.249479 0.537500 0.040625 0.041667
2 0.398438 0.555833 0.126042 0.175000
2 0.461979 0.535000 0.040625 0.083333
2 0.526042 0.532500 0.047917 0.058333
2 0.526042 0.531667 0.041667 0.053333
8 0.622396 0.527500 0.023958 0.078333
8 0.620313 0.523333 0.017708 0.076667
2 0.640625 0.513333 0.056250 0.056667
2 0.933854 0.510833 0.121875 0.111667
2 0.933333 0.507500 0.112500 0.098333
