2 0.863281 0.544167 0.075521 0.055000
8 0.882031 0.542917 0.013021 0.052500
2 0.093490 0.525417 0.059896 0.039167
2 0.213542 0.547500 0.110417 0.085000
2 0.206250 0.540833 0.087500 0.071667
2 0.222396 0.532500 0.026042 0.041667
2 0.336979 0.624167 0.230208 0.281667
2 0.450000 0.525833 0.025000 0.041667
2 0.482292 0.527500 0.027083 0.031667
2 0.515625 0.549167 0.072917 0.095000
2 0.602083 0.565833 0.145833 0.185000
2 0.548438 0.533333 0.036458 0.063333
2 0.639062 0.530000 0.044792 0.076667
2 0.757292 0.563333 0.145833 0.170000
