2 0.087500 0.530833 0.037500 0.051667
2 0.093750 0.499167 0.041667 0.031667
2 0.170833 0.503333 0.102083 0.063333
2 0.216146 0.513333 0.061458 0.076667
2 0.266667 0.525833 0.104167 0.078333
2 0.336458 0.513333 0.075000 0.080000
2 0.397396 0.503333 0.046875 0.030000
2 0.397396 0.499167 0.032292 0.045000
2 0.433854 0.498333 0.030208 0.026667
2 0.436979 0.504167 0.026042 0.051667
2 0.475000 0.495000 0.027083 0.036667
2 0.813021 0.497500 0.030208 0.041667
2 0.861458 0.490833 0.085417 0.055000
8 0.961458 0.493333 0.022917 0.100000
