2 0.066667 0.493333 0.106250 0.106667
2 0.071875 0.495000 0.108333 0.086667
2 0.388021 0.487500 0.080208 0.121667
2 0.449479 0.485000 0.038542 0.063333
2 0.447917 0.485000 0.027083 0.040000
2 0.502604 0.509167 0.080208 0.101667
2 0.593750 0.505833 0.047917 0.088333
2 0.605729 0.506667 0.063542 0.083333
2 0.675521 0.515833 0.123958 0.125000
2 0.742188 0.507500 0.040625 0.048333
2 0.741667 0.465000 0.037500 0.033333
8 0.795833 0.495000 0.031250 0.090000
8 0.797917 0.499167 0.029167 0.081667
2 0.892188 0.565833 0.209375 0.451667
