2 0.035417 0.568333 0.060417 0.086667
2 0.096875 0.566667 0.087500 0.086667
2 0.180729 0.570000 0.080208 0.070000
5 0.226562 0.522500 0.071875 0.115000
2 0.271875 0.559167 0.012500 0.045000
2 0.312500 0.560000 0.064583 0.090000
2 0.400521 0.570000 0.098958 0.130000
8 0.479167 0.542500 0.025000 0.075000
8 0.476042 0.545833 0.016667 0.055000
8 0.658333 0.555000 0.022917 0.120000
8 0.685937 0.551667 0.023958 0.113333
8 0.716146 0.546667 0.026042 0.116667
6 0.814063 0.553333 0.057292 0.176667
6 0.809375 0.550000 0.033333 0.173333
8 0.816146 0.551667 0.026042 0.136667
8 0.871354 0.550833 0.026042 0.128333
