8 0.018750 0.549167 0.016667 0.071667
8 0.029167 0.540000 0.010417 0.066667
6 0.069792 0.535000 0.047917 0.080000
8 0.071875 0.540000 0.016667 0.080000
8 0.080729 0.538333 0.023958 0.080000
6 0.087500 0.537500 0.031250 0.071667
8 0.084375 0.538333 0.014583 0.076667
6 0.082292 0.537500 0.010417 0.068333
6 0.098958 0.538333 0.016667 0.066667
8 0.126562 0.528333 0.017708 0.063333
2 0.171875 0.525000 0.087500 0.073333
5 0.173437 0.521667 0.082292 0.083333
5 0.239583 0.511667 0.056250 0.056667
2 0.244792 0.515833 0.062500 0.058333
2 0.247396 0.532500 0.057292 0.048333
8 0.284896 0.513333 0.023958 0.073333
5 0.328125 0.481667 0.100000 0.146667
2 0.395833 0.513333 0.031250 0.033333
2 0.517188 0.515000 0.032292 0.043333
2 0.517708 0.511667 0.031250 0.036667
2 0.623437 0.512500 0.115625 0.095000
8 0.701042 0.599167 0.147917 0.425000
8 0.705208 0.598333 0.150000 0.433333
