8 0.015104 0.534167 0.021875 0.098333
8 0.057813 0.551667 0.036458 0.146667
8 0.086458 0.538333 0.014583 0.066667
2 0.122917 0.553333 0.079167 0.103333
2 0.227604 0.549167 0.080208 0.118333
2 0.281771 0.529167 0.021875 0.048333
2 0.401562 0.513333 0.017708 0.043333
2 0.434375 0.520833 0.054167 0.065000
8 0.459896 0.526667 0.021875 0.126667
8 0.464583 0.512500 0.027083 0.145000
8 0.492708 0.524167 0.018750 0.151667
8 0.561458 0.505833 0.022917 0.095000
8 0.563021 0.512500 0.015625 0.075000
8 0.576042 0.502500 0.020833 0.095000
8 0.575000 0.499167 0.014583 0.081667
8 0.596875 0.497500 0.022917 0.105000
8 0.823958 0.494167 0.027083 0.131667
8 0.827604 0.496667 0.023958 0.140000
8 0.830208 0.497500 0.010417 0.161667
8 0.840104 0.485000 0.023958 0.140000
8 0.842708 0.492500 0.025000 0.138333
2 0.915104 0.589167 0.165625 0.388333
8 0.878125 0.464167 0.033333 0.115000
8 0.904167 0.435000 0.022917 0.046667
8 0.920312 0.425000 0.013542 0.043333
