2 0.041927 0.611667 0.082812 0.248333
2 0.865625 0.666250 0.267708 0.665833
8 0.099479 0.580833 0.021875 0.071667
8 0.123438 0.575833 0.034375 0.078333
8 0.124479 0.575833 0.028125 0.085000
2 0.267188 0.548333 0.051042 0.073333
2 0.317188 0.542500 0.084375 0.085000
2 0.316146 0.539167 0.071875 0.081667
2 0.524479 0.542500 0.063542 0.055000
8 0.588542 0.520000 0.020833 0.083333
8 0.614583 0.524167 0.025000 0.091667
8 0.639583 0.530833 0.018750 0.101667
8 0.690104 0.540000 0.038542 0.193333
8 0.747396 0.541667 0.055208 0.193333
