2 0.075781 0.549167 0.150521 0.183333
2 0.303906 0.527917 0.036979 0.045833
2 0.283594 0.536667 0.038021 0.051667
2 0.241146 0.540000 0.064583 0.063333
2 0.180990 0.556667 0.081771 0.090000
8 0.443229 0.515000 0.011458 0.036667
2 0.505208 0.525000 0.056250 0.093333
8 0.598437 0.510833 0.032292 0.108333
8 0.602604 0.509167 0.028125 0.118333
8 0.638021 0.520833 0.053125 0.115000
8 0.629687 0.514167 0.023958 0.095000
8 0.691667 0.500000 0.050000 0.133333
8 0.685937 0.499167 0.032292 0.115000
8 0.859896 0.480000 0.034375 0.146667
