2 0.248958 0.499167 0.058333 0.061667
2 0.322917 0.496667 0.047917 0.043333
2 0.325521 0.503333 0.048958 0.046667
2 0.391146 0.488333 0.059375 0.040000
2 0.435937 0.502500 0.046875 0.048333
2 0.434896 0.497500 0.036458 0.041667
2 0.462500 0.496667 0.020833 0.033333
2 0.496354 0.507500 0.071875 0.098333
2 0.566146 0.505833 0.046875 0.095000
2 0.557292 0.509167 0.027083 0.081667
2 0.590625 0.513333 0.043750 0.086667
2 0.585417 0.521667 0.025000 0.076667
2 0.631250 0.528333 0.079167 0.096667
2 0.616146 0.531667 0.038542 0.093333
2 0.715625 0.543333 0.160417 0.140000
8 0.992188 0.510833 0.013542 0.078333
