2 0.083333 0.517500 0.054167 0.045000
2 0.087500 0.524167 0.037500 0.051667
2 0.093750 0.499167 0.041667 0.031667
2 0.170833 0.503333 0.102083 0.063333
2 0.271354 0.520833 0.101042 0.085000
2 0.343229 0.519167 0.071875 0.075000
2 0.413021 0.494167 0.028125 0.035000
2 0.423958 0.498333 0.035417 0.040000
2 0.438542 0.500833 0.025000 0.048333
2 0.475521 0.495833 0.032292 0.041667
2 0.531771 0.488333 0.017708 0.050000
2 0.552083 0.486667 0.016667 0.040000
2 0.579167 0.493333 0.037500 0.053333
2 0.835938 0.493333 0.071875 0.043333
2 0.823958 0.488333 0.041667 0.063333
2 0.879687 0.508333 0.073958 0.113333
8 0.981250 0.498333 0.022917 0.100000
