8 0.897917 0.533333 0.043750 0.158333
8 0.853125 0.523750 0.036458 0.177500
2 0.069792 0.534167 0.068750 0.051667
2 0.078646 0.541667 0.059375 0.063333
2 0.143229 0.517500 0.059375 0.091667
2 0.150000 0.513333 0.062500 0.073333
2 0.401562 0.540833 0.117708 0.168333
2 0.454167 0.529167 0.056250 0.088333
2 0.521354 0.521667 0.030208 0.050000
2 0.530208 0.526667 0.027083 0.050000
2 0.563542 0.543333 0.033333 0.073333
2 0.566667 0.535000 0.033333 0.076667
2 0.595313 0.539167 0.063542 0.118333
2 0.598437 0.531667 0.061458 0.123333
2 0.682292 0.545000 0.170833 0.180000
2 0.684896 0.548333 0.171875 0.173333
