8 0.319792 0.538333 0.011458 0.051667
8 0.270313 0.534583 0.014583 0.055833
8 0.073958 0.536250 0.012500 0.062500
8 0.094010 0.538750 0.014063 0.059167
8 0.124479 0.533750 0.017708 0.064167
8 0.054688 0.547917 0.035417 0.120833
2 0.160417 0.538333 0.102083 0.080000
2 0.208854 0.535833 0.036458 0.061667
8 0.241667 0.563333 0.035417 0.153333
2 0.259375 0.557500 0.035417 0.135000
2 0.418229 0.520000 0.151042 0.090000
2 0.527083 0.507500 0.104167 0.078333
8 0.497917 0.551667 0.031250 0.170000
6 0.609375 0.565000 0.112500 0.190000
