2 0.111458 0.575000 0.162500 0.146667
2 0.253646 0.540833 0.071875 0.088333
2 0.350521 0.630833 0.240625 0.288333
2 0.458854 0.542500 0.111458 0.178333
2 0.502604 0.529167 0.048958 0.108333
2 0.557292 0.525833 0.106250 0.098333
2 0.569792 0.521667 0.106250 0.083333
8 0.565625 0.527500 0.029167 0.125000
8 0.579688 0.531667 0.015625 0.140000
8 0.595833 0.523333 0.029167 0.113333
8 0.635938 0.519167 0.026042 0.108333
8 0.720313 0.499167 0.017708 0.085000
8 0.750521 0.505000 0.044792 0.073333
2 0.897396 0.602500 0.203125 0.525000
