2 0.046354 0.563333 0.092708 0.143333
2 0.042188 0.558333 0.082292 0.113333
8 0.051042 0.560833 0.022917 0.111667
2 0.146875 0.556667 0.083333 0.083333
2 0.148438 0.553333 0.071875 0.066667
2 0.202083 0.547500 0.035417 0.051667
2 0.345833 0.598333 0.187500 0.246667
2 0.621875 0.561667 0.072917 0.140000
2 0.615625 0.557500 0.052083 0.108333
2 0.684375 0.553333 0.102083 0.236667
2 0.669792 0.545833 0.050000 0.171667
2 0.733333 0.617500 0.072917 0.178333
2 0.873437 0.589167 0.248958 0.508333
2 0.878125 0.592500 0.239583 0.475000
