2 0.563281 0.515833 0.027604 0.040000
8 0.028646 0.546667 0.013542 0.070000
8 0.045312 0.544167 0.017708 0.071667
8 0.055208 0.545833 0.016667 0.071667
6 0.088542 0.538333 0.047917 0.080000
8 0.080729 0.538333 0.023958 0.080000
6 0.082292 0.537500 0.010417 0.068333
8 0.102083 0.536667 0.016667 0.080000
8 0.123958 0.538333 0.014583 0.076667
2 0.171875 0.525000 0.087500 0.073333
5 0.174479 0.521667 0.082292 0.083333
5 0.240625 0.511667 0.056250 0.056667
2 0.244792 0.515833 0.062500 0.058333
2 0.247396 0.532500 0.057292 0.048333
8 0.284896 0.513333 0.023958 0.073333
5 0.329167 0.481667 0.100000 0.146667
8 0.430729 0.600000 0.148958 0.430000
8 0.432292 0.599167 0.147917 0.425000
2 0.503646 0.515833 0.038542 0.048333
2 0.506250 0.513333 0.037500 0.046667
2 0.739062 0.512500 0.169792 0.098333
8 0.750521 0.587500 0.101042 0.378333
