8 0.025521 0.545833 0.017708 0.101667
8 0.040625 0.570000 0.016667 0.053333
8 0.058854 0.550833 0.026042 0.128333
8 0.058333 0.544167 0.022917 0.111667
2 0.126562 0.555833 0.078125 0.081667
8 0.097917 0.520833 0.016667 0.048333
2 0.227083 0.545000 0.083333 0.093333
2 0.282292 0.529167 0.031250 0.065000
2 0.309896 0.519167 0.030208 0.065000
2 0.435417 0.521667 0.047917 0.053333
8 0.508854 0.501667 0.013542 0.083333
8 0.520833 0.505833 0.018750 0.085000
8 0.523958 0.501667 0.014583 0.080000
8 0.540104 0.497500 0.015625 0.081667
2 0.715104 0.525833 0.273958 0.158333
8 0.833333 0.473333 0.018750 0.100000
8 0.849479 0.483333 0.023958 0.123333
8 0.985417 0.480833 0.025000 0.161667
