2 0.043229 0.535833 0.082292 0.188333
2 0.092708 0.525833 0.052083 0.125000
8 0.094792 0.530000 0.052083 0.210000
8 0.144792 0.531667 0.033333 0.200000
2 0.228646 0.501667 0.076042 0.073333
8 0.235937 0.504167 0.021875 0.081667
8 0.236979 0.501667 0.017708 0.086667
8 0.251563 0.509167 0.011458 0.071667
8 0.254167 0.509167 0.016667 0.055000
5 0.292187 0.485000 0.057292 0.083333
5 0.351562 0.473333 0.048958 0.100000
5 0.354687 0.474167 0.044792 0.095000
8 0.342708 0.491667 0.016667 0.096667
8 0.345313 0.489167 0.013542 0.095000
8 0.355729 0.500000 0.015625 0.093333
8 0.357812 0.495833 0.015625 0.085000
2 0.399479 0.502500 0.038542 0.055000
2 0.402083 0.503333 0.039583 0.050000
5 0.411979 0.450000 0.053125 0.090000
5 0.410417 0.464167 0.047917 0.111667
8 0.628125 0.590833 0.083333 0.325000
2 0.815104 0.550000 0.361458 0.346667
