8 0.179167 0.531667 0.029167 0.096667
8 0.189583 0.518333 0.025000 0.083333
8 0.208333 0.561667 0.039583 0.133333
8 0.220312 0.548333 0.021875 0.130000
2 0.223438 0.551667 0.023958 0.120000
6 0.279167 0.520833 0.027083 0.061667
6 0.285417 0.522500 0.027083 0.071667
6 0.284896 0.518333 0.019792 0.056667
8 0.284896 0.521667 0.019792 0.060000
2 0.379688 0.522500 0.111458 0.068333
2 0.380208 0.523333 0.110417 0.066667
2 0.559896 0.512500 0.142708 0.091667
8 0.505208 0.550000 0.029167 0.116667
8 0.544271 0.535833 0.034375 0.141667
2 0.618750 0.504167 0.100000 0.075000
2 0.660417 0.502500 0.104167 0.078333
2 0.686458 0.496667 0.052083 0.076667
8 0.907292 0.640000 0.154167 0.600000
8 0.927604 0.592500 0.053125 0.458333
