8 0.894271 0.537083 0.084375 0.337500
8 0.820833 0.553333 0.066667 0.315000
8 0.113021 0.559167 0.017708 0.145000
8 0.114583 0.557500 0.014583 0.145000
8 0.123958 0.565000 0.014583 0.130000
8 0.138021 0.565833 0.019792 0.121667
8 0.141146 0.566667 0.019792 0.123333
8 0.276042 0.558333 0.016667 0.073333
8 0.285417 0.563333 0.012500 0.066667
2 0.360938 0.571667 0.046875 0.053333
8 0.361979 0.569167 0.042708 0.055000
2 0.437500 0.569167 0.041667 0.055000
8 0.583854 0.554167 0.032292 0.155000
8 0.584896 0.553333 0.026042 0.150000
8 0.747396 0.552500 0.034375 0.188333
