8 0.026562 0.551667 0.021875 0.096667
8 0.031250 0.550000 0.018750 0.093333
8 0.058854 0.547500 0.017708 0.101667
8 0.071875 0.568333 0.016667 0.053333
8 0.085938 0.531667 0.021875 0.080000
8 0.092708 0.542500 0.018750 0.111667
2 0.126562 0.555833 0.078125 0.081667
2 0.227083 0.545000 0.083333 0.093333
2 0.282292 0.529167 0.031250 0.065000
2 0.309896 0.519167 0.030208 0.065000
2 0.357812 0.517500 0.057292 0.081667
2 0.435417 0.521667 0.047917 0.053333
8 0.511458 0.498333 0.012500 0.080000
8 0.985417 0.478333 0.025000 0.156667
