2 0.022656 0.568750 0.044271 0.135833
8 0.036979 0.531667 0.026042 0.076667
8 0.097396 0.558333 0.032292 0.096667
8 0.099479 0.558333 0.028125 0.086667
2 0.236458 0.560833 0.089583 0.098333
2 0.334896 0.550000 0.078125 0.086667
2 0.434896 0.562500 0.109375 0.135000
6 0.640104 0.590833 0.080208 0.345000
8 0.730208 0.534167 0.025000 0.115000
8 0.755208 0.545833 0.033333 0.148333
8 0.842708 0.533333 0.052083 0.236667
8 0.844792 0.529167 0.052083 0.205000
8 0.905208 0.519167 0.052083 0.221667
8 0.904167 0.523333 0.047917 0.240000
8 0.904167 0.538333 0.037500 0.166667
