8 0.473958 0.493333 0.010417 0.056667
2 0.487500 0.501667 0.014583 0.056667
2 0.513021 0.497500 0.036458 0.085000
2 0.531250 0.501667 0.039583 0.073333
8 0.823438 0.500000 0.030208 0.130000
8 0.798958 0.497083 0.026042 0.127500
2 0.111979 0.531667 0.126042 0.096667
2 0.231771 0.530833 0.115625 0.118333
2 0.339583 0.507500 0.050000 0.055000
8 0.392188 0.625833 0.067708 0.458333
8 0.451562 0.616667 0.117708 0.543333
8 0.703125 0.460000 0.027083 0.053333
8 0.713542 0.519167 0.043750 0.098333
8 0.735417 0.508333 0.045833 0.160000
8 0.768750 0.499167 0.031250 0.148333
8 0.896875 0.470417 0.039583 0.102500
8 0.904427 0.524583 0.024479 0.124167
8 0.935937 0.510000 0.051042 0.160000
