2 0.303906 0.527917 0.036979 0.045833
2 0.283594 0.536667 0.038021 0.051667
2 0.241146 0.540000 0.064583 0.063333
2 0.180990 0.556667 0.081771 0.090000
8 0.088542 0.527500 0.012500 0.055000
8 0.203646 0.539167 0.030208 0.128333
8 0.436979 0.516667 0.011458 0.036667
2 0.505208 0.525000 0.056250 0.093333
8 0.588542 0.520000 0.037500 0.093333
8 0.633854 0.502500 0.028125 0.118333
8 0.663542 0.511667 0.043750 0.113333
8 0.657813 0.514167 0.023958 0.095000
8 0.688542 0.500000 0.050000 0.133333
8 0.683854 0.509167 0.028125 0.111667
8 0.859896 0.480000 0.034375 0.146667
2 0.923958 0.521667 0.147917 0.123333
