2 0.018750 0.538333 0.029167 0.046667
2 0.118750 0.524167 0.033333 0.048333
2 0.154167 0.529167 0.045833 0.055000
2 0.178125 0.520000 0.025000 0.053333
2 0.178646 0.520000 0.021875 0.043333
2 0.220833 0.513333 0.045833 0.053333
2 0.274479 0.515000 0.046875 0.070000
2 0.278646 0.515000 0.053125 0.070000
2 0.314583 0.505000 0.027083 0.063333
2 0.452083 0.565833 0.270833 0.395000
2 0.593750 0.480833 0.052083 0.061667
2 0.650521 0.548333 0.134375 0.133333
8 0.656771 0.479167 0.032292 0.035000
2 0.939063 0.670000 0.119792 0.310000
