8 0.013542 0.549167 0.025000 0.105000
2 0.303646 0.655833 0.321875 0.375000
2 0.205208 0.543333 0.060417 0.090000
2 0.454688 0.540000 0.111458 0.180000
2 0.525521 0.517500 0.063542 0.085000
2 0.528125 0.520000 0.058333 0.066667
8 0.563542 0.527500 0.029167 0.125000
8 0.575000 0.527500 0.014583 0.128333
8 0.582812 0.508333 0.021875 0.070000
8 0.594792 0.518333 0.029167 0.113333
8 0.611458 0.501667 0.016667 0.076667
8 0.635417 0.519167 0.025000 0.108333
8 0.713021 0.494167 0.015625 0.065000
8 0.745313 0.501667 0.044792 0.073333
2 0.894271 0.602500 0.209375 0.525000
