8 0.068229 0.544167 0.023958 0.098333
8 0.067187 0.549167 0.017708 0.085000
8 0.085938 0.535000 0.023958 0.063333
2 0.119271 0.558333 0.084375 0.090000
8 0.085417 0.550833 0.014583 0.098333
2 0.223958 0.549167 0.091667 0.108333
2 0.274479 0.534167 0.032292 0.085000
2 0.282292 0.529167 0.031250 0.065000
2 0.305729 0.517500 0.030208 0.065000
2 0.432292 0.517500 0.045833 0.058333
8 0.672917 0.502500 0.035417 0.115000
8 0.673438 0.502500 0.034375 0.125000
8 0.722917 0.500833 0.037500 0.115000
8 0.721354 0.500833 0.028125 0.121667
8 0.783333 0.490000 0.041667 0.156667
8 0.831771 0.495833 0.051042 0.155000
8 0.834375 0.491667 0.037500 0.166667
8 0.867188 0.527500 0.034375 0.088333
