8 0.050521 0.554167 0.034375 0.135000
2 0.071875 0.547500 0.033333 0.121667
8 0.071875 0.553333 0.016667 0.133333
8 0.159896 0.526667 0.021875 0.080000
8 0.162500 0.526667 0.025000 0.083333
8 0.232813 0.522500 0.017708 0.065000
8 0.250521 0.526667 0.013542 0.063333
6 0.280729 0.521667 0.019792 0.056667
8 0.291146 0.526667 0.030208 0.120000
2 0.348958 0.520000 0.043750 0.050000
2 0.409375 0.519167 0.079167 0.061667
2 0.409375 0.520000 0.072917 0.060000
8 0.483854 0.598333 0.109375 0.380000
8 0.500521 0.585000 0.067708 0.350000
8 0.497917 0.578333 0.052083 0.326667
8 0.558854 0.571667 0.096875 0.396667
2 0.740625 0.553333 0.358333 0.200000
8 0.647917 0.585000 0.077083 0.336667
