2 0.940885 0.645417 0.117188 0.312500
2 0.088542 0.558333 0.176042 0.176667
2 0.090625 0.561667 0.177083 0.183333
8 0.168229 0.520833 0.013542 0.071667
2 0.236979 0.526667 0.096875 0.056667
2 0.360938 0.587500 0.176042 0.218333
2 0.452083 0.526667 0.066667 0.123333
2 0.492708 0.514167 0.045833 0.065000
8 0.523438 0.523333 0.026042 0.096667
8 0.523438 0.518333 0.017708 0.086667
8 0.532292 0.520833 0.014583 0.085000
8 0.554688 0.516667 0.015625 0.093333
8 0.572396 0.496667 0.021875 0.070000
8 0.572917 0.503333 0.014583 0.066667
2 0.707812 0.550000 0.203125 0.230000
