8 0.024479 0.550833 0.021875 0.078333
8 0.062500 0.550000 0.016667 0.073333
8 0.064062 0.545833 0.015625 0.065000
8 0.078646 0.550000 0.017708 0.076667
2 0.120313 0.540000 0.076042 0.080000
2 0.176042 0.540833 0.052083 0.051667
2 0.178646 0.540000 0.046875 0.066667
2 0.329688 0.652500 0.332292 0.421667
8 0.509375 0.531667 0.035417 0.086667
6 0.509375 0.530000 0.033333 0.073333
8 0.549479 0.520833 0.017708 0.078333
8 0.577083 0.519167 0.016667 0.081667
8 0.593750 0.520833 0.018750 0.068333
6 0.662500 0.530000 0.025000 0.090000
2 0.769271 0.530000 0.161458 0.090000
2 0.925000 0.522500 0.147917 0.101667
