2 0.121094 0.546667 0.069271 0.073333
2 0.178125 0.538333 0.050000 0.060000
2 0.328125 0.654167 0.325000 0.421667
8 0.499479 0.528333 0.023958 0.070000
8 0.533854 0.517500 0.026042 0.078333
8 0.550521 0.516667 0.019792 0.080000
8 0.576562 0.515833 0.032292 0.085000
6 0.630729 0.525833 0.032292 0.088333
6 0.655729 0.525833 0.032292 0.088333
8 0.686979 0.529167 0.021875 0.078333
8 0.703125 0.523333 0.020833 0.086667
8 0.724479 0.521667 0.019792 0.086667
8 0.810937 0.515833 0.028125 0.088333
8 0.831250 0.515000 0.016667 0.070000
8 0.842187 0.522500 0.034375 0.085000
8 0.834896 0.519167 0.017708 0.075000
8 0.843750 0.524167 0.027083 0.078333
8 0.948438 0.526667 0.038542 0.170000
