2 0.209375 0.512500 0.039583 0.085000
2 0.239583 0.508333 0.039583 0.076667
2 0.272396 0.496667 0.023958 0.056667
2 0.300000 0.495833 0.020833 0.055000
8 0.473958 0.493333 0.010417 0.056667
2 0.487500 0.501667 0.014583 0.056667
2 0.513021 0.497500 0.036458 0.085000
2 0.531250 0.501667 0.039583 0.073333
2 0.126042 0.535833 0.166667 0.095000
2 0.334375 0.503333 0.045833 0.063333
2 0.408333 0.509167 0.072917 0.101667
8 0.703125 0.499167 0.025000 0.071667
8 0.735938 0.497500 0.030208 0.148333
8 0.767708 0.491667 0.020833 0.136667
8 0.814063 0.499167 0.032292 0.131667
8 0.852083 0.470000 0.029167 0.073333
8 0.890104 0.456667 0.023958 0.083333
8 0.923438 0.514167 0.026042 0.118333
8 0.971875 0.500833 0.039583 0.151667
