2 0.035937 0.601667 0.063542 0.120000
2 0.036458 0.610833 0.050000 0.098333
2 0.090625 0.605000 0.056250 0.086667
2 0.130208 0.558333 0.110417 0.103333
2 0.138542 0.547500 0.081250 0.071667
2 0.129688 0.606667 0.032292 0.060000
2 0.189583 0.593333 0.041667 0.083333
2 0.218229 0.553333 0.078125 0.056667
2 0.199479 0.586667 0.032292 0.076667
5 0.379167 0.487500 0.185417 0.378333
8 0.483333 0.565000 0.029167 0.093333
8 0.542708 0.575833 0.027083 0.128333
8 0.559896 0.580833 0.017708 0.115000
8 0.768229 0.535000 0.040625 0.050000
8 0.985417 0.555000 0.025000 0.170000
