2 0.170313 0.623333 0.340625 0.340000
8 0.354167 0.524167 0.027083 0.145000
8 0.354687 0.530000 0.021875 0.126667
8 0.378125 0.529167 0.018750 0.151667
2 0.434375 0.520833 0.054167 0.065000
8 0.535417 0.510833 0.022917 0.095000
8 0.533333 0.505833 0.018750 0.078333
8 0.565625 0.504167 0.022917 0.105000
8 0.615104 0.509167 0.028125 0.125000
2 0.881250 0.791667 0.233333 0.413333
8 0.845833 0.493333 0.027083 0.130000
8 0.873437 0.483333 0.023958 0.140000
8 0.877083 0.473333 0.025000 0.136667
8 0.905729 0.486667 0.026042 0.136667
8 0.906250 0.484167 0.025000 0.148333
8 0.936458 0.481667 0.033333 0.166667
8 0.952083 0.473333 0.016667 0.140000
