2 0.071875 0.557500 0.054167 0.081667
2 0.132292 0.555000 0.081250 0.086667
2 0.205729 0.555000 0.069792 0.070000
5 0.236458 0.500000 0.058333 0.103333
2 0.286979 0.550000 0.088542 0.126667
2 0.397396 0.570000 0.132292 0.160000
8 0.481771 0.534167 0.023958 0.071667
8 0.622396 0.540000 0.021875 0.096667
8 0.645312 0.543333 0.021875 0.106667
8 0.673958 0.540000 0.031250 0.106667
6 0.716146 0.543333 0.042708 0.130000
8 0.738542 0.546667 0.033333 0.113333
8 0.763021 0.542500 0.032292 0.118333
6 0.811979 0.543333 0.059375 0.166667
8 0.884375 0.530833 0.029167 0.098333
