6 0.054688 0.546667 0.034375 0.070000
6 0.050000 0.543333 0.016667 0.066667
8 0.080729 0.538333 0.023958 0.080000
8 0.083854 0.541667 0.026042 0.076667
6 0.080208 0.537500 0.010417 0.068333
2 0.171875 0.525000 0.087500 0.073333
5 0.173437 0.521667 0.082292 0.083333
5 0.235417 0.511667 0.056250 0.056667
2 0.244792 0.515833 0.062500 0.058333
2 0.242188 0.534167 0.057292 0.048333
8 0.284896 0.513333 0.023958 0.073333
5 0.327083 0.481667 0.100000 0.146667
2 0.390104 0.519167 0.032292 0.035000
2 0.428125 0.514167 0.035417 0.035000
2 0.430729 0.515000 0.028125 0.030000
2 0.465104 0.513333 0.028125 0.040000
2 0.542708 0.517500 0.043750 0.045000
2 0.899479 0.585000 0.196875 0.396667
2 0.902083 0.588333 0.193750 0.400000
