2 0.127083 0.555417 0.078125 0.075833
8 0.069531 0.539167 0.028646 0.105000
8 0.221615 0.503333 0.022396 0.071667
8 0.184115 0.516250 0.027604 0.090833
2 0.302083 0.616667 0.560417 0.340000
8 0.533854 0.493333 0.021875 0.060000
8 0.533854 0.487500 0.019792 0.041667
8 0.570312 0.518333 0.023958 0.126667
8 0.853125 0.491667 0.027083 0.130000
8 0.864583 0.489167 0.025000 0.138333
8 0.889583 0.473333 0.025000 0.136667
8 0.889062 0.478333 0.023958 0.140000
2 0.940625 0.867500 0.114583 0.258333
8 0.909896 0.480833 0.026042 0.138333
8 0.908333 0.487500 0.020833 0.138333
8 0.941667 0.481667 0.033333 0.166667
8 0.960417 0.473333 0.016667 0.140000
