2 0.087500 0.521667 0.037500 0.053333
2 0.093750 0.499167 0.041667 0.031667
2 0.170833 0.503333 0.102083 0.063333
2 0.222396 0.513333 0.057292 0.073333
2 0.271354 0.520833 0.101042 0.085000
2 0.343229 0.519167 0.071875 0.075000
2 0.406771 0.494167 0.028125 0.035000
2 0.434375 0.500833 0.025000 0.048333
2 0.473438 0.495833 0.032292 0.041667
2 0.535417 0.490000 0.016667 0.040000
2 0.554167 0.491667 0.027083 0.046667
2 0.838021 0.491667 0.082292 0.060000
2 0.888542 0.490833 0.085417 0.055000
8 0.961458 0.498333 0.022917 0.100000
