8 0.896354 0.491250 0.031250 0.149167
8 0.919792 0.514167 0.041667 0.163333
8 0.889844 0.526250 0.029687 0.127500
8 0.813021 0.497083 0.031250 0.127500
8 0.791146 0.500417 0.021875 0.119167
2 0.108854 0.531667 0.115625 0.096667
2 0.195833 0.536667 0.135417 0.130000
2 0.333854 0.503333 0.051042 0.060000
2 0.414583 0.504167 0.054167 0.078333
8 0.476562 0.619167 0.067708 0.458333
8 0.545312 0.613333 0.117708 0.543333
8 0.713542 0.519167 0.043750 0.098333
8 0.735417 0.508333 0.045833 0.160000
8 0.769271 0.500000 0.034375 0.150000
