8 0.018750 0.593750 0.036458 0.222500
8 0.503906 0.553333 0.040104 0.236667
8 0.111979 0.545833 0.019792 0.101667
8 0.126562 0.548333 0.017708 0.096667
8 0.153646 0.570833 0.030208 0.275000
8 0.190625 0.574167 0.037500 0.278333
8 0.255208 0.561667 0.070833 0.270000
8 0.263542 0.556667 0.039583 0.273333
8 0.299479 0.530000 0.034375 0.106667
8 0.292708 0.524167 0.016667 0.085000
8 0.306250 0.527500 0.014583 0.091667
8 0.358854 0.568333 0.046875 0.270000
2 0.382292 0.502500 0.012500 0.048333
8 0.435937 0.556667 0.034375 0.303333
8 0.548958 0.547500 0.062500 0.218333
8 0.522396 0.518333 0.009375 0.100000
8 0.548958 0.542500 0.041667 0.208333
8 0.590104 0.503333 0.021875 0.073333
8 0.724479 0.553333 0.053125 0.260000
8 0.724479 0.542500 0.051042 0.245000
8 0.774479 0.548333 0.055208 0.260000
2 0.921354 0.490833 0.146875 0.135000
