2 0.090104 0.535833 0.082292 0.058333
2 0.091146 0.537500 0.082292 0.061667
2 0.132292 0.538333 0.058333 0.050000
2 0.168750 0.526667 0.056250 0.050000
2 0.286979 0.525000 0.065625 0.060000
2 0.320833 0.524167 0.037500 0.045000
2 0.432292 0.551667 0.122917 0.163333
2 0.642188 0.514167 0.086458 0.081667
8 0.666667 0.525833 0.018750 0.091667
2 0.722396 0.520833 0.090625 0.078333
2 0.746354 0.514167 0.109375 0.085000
2 0.747396 0.532500 0.038542 0.065000
2 0.800000 0.517500 0.087500 0.115000
2 0.889062 0.513333 0.215625 0.130000
