2 0.981250 0.746250 0.036458 0.274167
2 0.909896 0.522500 0.179167 0.158333
2 0.089583 0.517500 0.135417 0.121667
2 0.094792 0.513333 0.110417 0.106667
2 0.168229 0.504167 0.057292 0.071667
2 0.172917 0.504167 0.050000 0.071667
2 0.258333 0.507500 0.056250 0.061667
2 0.264062 0.508333 0.040625 0.050000
2 0.372917 0.504167 0.072917 0.115000
2 0.439063 0.500000 0.040625 0.063333
2 0.492188 0.494167 0.021875 0.038333
2 0.522917 0.500000 0.029167 0.040000
2 0.639062 0.532500 0.098958 0.125000
2 0.641667 0.531667 0.083333 0.106667
8 0.684896 0.504167 0.023958 0.095000
2 0.732292 0.483333 0.093750 0.083333
