2 0.071875 0.509167 0.143750 0.095000
8 0.306250 0.491667 0.020833 0.056667
2 0.372396 0.478333 0.061458 0.070000
2 0.416667 0.483333 0.039583 0.053333
2 0.423958 0.493333 0.045833 0.043333
2 0.427604 0.495000 0.051042 0.046667
5 0.485417 0.460000 0.070833 0.120000
2 0.485417 0.459167 0.068750 0.115000
8 0.553125 0.504167 0.054167 0.151667
8 0.603646 0.508333 0.036458 0.146667
8 0.632812 0.510000 0.036458 0.160000
2 0.742188 0.491667 0.094792 0.056667
8 0.855208 0.517500 0.039583 0.131667
2 0.902083 0.498333 0.093750 0.053333
