6 0.051042 0.538333 0.047917 0.080000
8 0.059375 0.541667 0.016667 0.080000
6 0.070833 0.540833 0.031250 0.071667
8 0.067708 0.540000 0.014583 0.076667
8 0.080729 0.538333 0.023958 0.080000
6 0.082292 0.537500 0.010417 0.068333
6 0.099479 0.542500 0.021875 0.068333
6 0.098958 0.538333 0.016667 0.066667
2 0.171875 0.525000 0.087500 0.073333
5 0.173437 0.521667 0.082292 0.083333
5 0.239583 0.511667 0.056250 0.056667
2 0.244792 0.515833 0.062500 0.058333
2 0.247396 0.532500 0.057292 0.048333
8 0.284896 0.513333 0.023958 0.073333
5 0.328125 0.481667 0.100000 0.146667
2 0.421354 0.520000 0.023958 0.033333
2 0.465104 0.513333 0.028125 0.040000
2 0.588021 0.511667 0.105208 0.093333
8 0.872396 0.602500 0.134375 0.445000
