2 0.049479 0.567500 0.098958 0.101667
2 0.083333 0.565000 0.035417 0.080000
2 0.110937 0.547500 0.088542 0.078333
2 0.179688 0.545833 0.088542 0.055000
2 0.229687 0.540000 0.061458 0.053333
2 0.335938 0.530833 0.034375 0.068333
2 0.406250 0.549167 0.091667 0.118333
2 0.561458 0.516667 0.102083 0.080000
2 0.563542 0.523333 0.102083 0.083333
2 0.602083 0.543333 0.141667 0.073333
8 0.776042 0.509167 0.035417 0.138333
8 0.810937 0.507500 0.040625 0.141667
8 0.808333 0.501667 0.031250 0.120000
8 0.835938 0.505833 0.023958 0.131667
8 0.841667 0.507500 0.031250 0.135000
8 0.852083 0.490000 0.022917 0.133333
