2 0.145313 0.578750 0.289583 0.189167
2 0.281771 0.529167 0.021875 0.048333
2 0.401562 0.513333 0.017708 0.043333
2 0.434375 0.520833 0.054167 0.065000
8 0.483333 0.521667 0.025000 0.113333
8 0.481771 0.522500 0.019792 0.115000
8 0.509896 0.515000 0.017708 0.126667
8 0.575000 0.499167 0.022917 0.095000
8 0.573958 0.509167 0.014583 0.105000
8 0.596875 0.495833 0.020833 0.095000
8 0.596354 0.499167 0.017708 0.105000
8 0.613542 0.497500 0.020833 0.111667
8 0.832292 0.497500 0.022917 0.145000
8 0.833854 0.490000 0.017708 0.150000
8 0.833333 0.490000 0.016667 0.146667
8 0.848958 0.497500 0.029167 0.148333
8 0.852083 0.480000 0.025000 0.136667
8 0.880208 0.490000 0.031250 0.163333
8 0.916146 0.477500 0.019792 0.135000
8 0.915625 0.480000 0.016667 0.153333
8 0.933333 0.485000 0.025000 0.153333
8 0.938542 0.490000 0.031250 0.183333
8 0.942708 0.482500 0.025000 0.145000
8 0.945833 0.483333 0.025000 0.146667
