2 0.165104 0.520000 0.163542 0.126667
2 0.170833 0.521667 0.160417 0.140000
2 0.191146 0.497500 0.069792 0.075000
2 0.405729 0.488333 0.055208 0.063333
2 0.447396 0.499167 0.023958 0.041667
2 0.495312 0.494167 0.038542 0.041667
2 0.618229 0.481667 0.053125 0.056667
2 0.616667 0.484167 0.039583 0.065000
2 0.658333 0.498333 0.052083 0.056667
2 0.659375 0.494167 0.050000 0.065000
2 0.672917 0.483333 0.043750 0.036667
2 0.688021 0.493333 0.017708 0.056667
2 0.761458 0.506667 0.097917 0.133333
2 0.758854 0.509167 0.090625 0.101667
2 0.885938 0.509167 0.201042 0.218333
8 0.978125 0.490833 0.022917 0.085000
