2 0.951823 0.542083 0.095312 0.197500
8 0.115625 0.553333 0.039583 0.133333
2 0.132292 0.550833 0.033333 0.121667
8 0.131250 0.548333 0.016667 0.133333
8 0.168750 0.526667 0.025000 0.083333
8 0.169271 0.528333 0.021875 0.080000
8 0.243229 0.530000 0.030208 0.120000
6 0.261458 0.522500 0.027083 0.071667
6 0.263542 0.521667 0.012500 0.063333
6 0.286979 0.521667 0.019792 0.056667
2 0.348958 0.516667 0.043750 0.043333
2 0.405729 0.521667 0.105208 0.056667
2 0.409375 0.519167 0.106250 0.065000
8 0.461979 0.546667 0.030208 0.110000
8 0.497396 0.529167 0.034375 0.141667
2 0.535417 0.511667 0.097917 0.093333
8 0.629687 0.608333 0.123958 0.433333
8 0.640104 0.568333 0.055208 0.343333
8 0.640104 0.575833 0.044792 0.348333
8 0.698438 0.581667 0.094792 0.460000
8 0.796354 0.587500 0.086458 0.371667
