2 0.117448 0.557917 0.079687 0.069167
2 0.412240 0.526667 0.019271 0.030000
8 0.865104 0.545000 0.022917 0.096667
8 0.886979 0.541250 0.025000 0.104167
8 0.845573 0.546250 0.022396 0.102500
2 0.246354 0.539167 0.063542 0.078333
2 0.245833 0.540000 0.060417 0.070000
2 0.301042 0.535000 0.037500 0.040000
2 0.447396 0.529167 0.042708 0.061667
2 0.505208 0.555000 0.102083 0.136667
2 0.573958 0.519167 0.041667 0.068333
5 0.570833 0.521667 0.035417 0.056667
2 0.664583 0.546667 0.062500 0.070000
2 0.767188 0.540833 0.103125 0.058333
2 0.770312 0.540833 0.105208 0.068333
2 0.966667 0.661667 0.062500 0.183333
