8 0.016927 0.550417 0.029687 0.079167
2 0.122917 0.538333 0.072917 0.076667
2 0.329688 0.652500 0.332292 0.418333
8 0.175521 0.535833 0.021875 0.081667
8 0.176563 0.535000 0.017708 0.073333
8 0.518750 0.521667 0.020833 0.063333
8 0.518229 0.524167 0.015625 0.058333
8 0.529167 0.518333 0.016667 0.063333
8 0.531771 0.520000 0.015625 0.070000
8 0.619792 0.512500 0.022917 0.078333
8 0.634896 0.489167 0.017708 0.041667
6 0.659375 0.526667 0.025000 0.090000
2 0.748958 0.540000 0.041667 0.073333
2 0.875000 0.540833 0.247917 0.138333
