2 0.913021 0.611667 0.172917 0.505000
2 0.043490 0.611250 0.085938 0.287500
2 0.226562 0.513333 0.101042 0.066667
2 0.291146 0.500000 0.028125 0.056667
2 0.417187 0.535000 0.103125 0.140000
8 0.510417 0.510833 0.016667 0.085000
8 0.514062 0.514167 0.015625 0.078333
8 0.530729 0.515833 0.019792 0.078333
8 0.534896 0.506667 0.015625 0.073333
8 0.597396 0.507500 0.021875 0.068333
8 0.615625 0.505000 0.014583 0.090000
8 0.635938 0.503333 0.011458 0.086667
8 0.654687 0.503333 0.013542 0.083333
8 0.788542 0.522500 0.039583 0.095000
