8 0.421094 0.532083 0.033854 0.122500
8 0.627604 0.637917 0.141667 0.714167
8 0.061458 0.570000 0.047917 0.116667
8 0.090625 0.550000 0.087500 0.136667
8 0.093229 0.557500 0.084375 0.131667
8 0.076563 0.559167 0.026042 0.091667
8 0.115625 0.536667 0.022917 0.110000
8 0.117188 0.551667 0.026042 0.120000
8 0.155208 0.548333 0.037500 0.133333
8 0.194792 0.549167 0.043750 0.121667
2 0.280208 0.540833 0.050000 0.071667
2 0.281771 0.536667 0.044792 0.060000
8 0.672396 0.355000 0.038542 0.146667
8 0.772396 0.545000 0.232292 0.890000
2 0.923438 0.509167 0.059375 0.171667
8 0.960938 0.575833 0.073958 0.515000
