8 0.052083 0.542500 0.029167 0.118333
8 0.054167 0.540833 0.027083 0.095000
2 0.122917 0.553333 0.079167 0.103333
8 0.116667 0.564167 0.022917 0.131667
8 0.120313 0.553333 0.017708 0.133333
8 0.124479 0.545833 0.023958 0.125000
8 0.145313 0.551667 0.028125 0.130000
8 0.190104 0.545000 0.036458 0.146667
2 0.227604 0.549167 0.080208 0.118333
2 0.280729 0.529167 0.019792 0.055000
8 0.385417 0.525833 0.027083 0.145000
8 0.383854 0.531667 0.021875 0.126667
8 0.411458 0.522500 0.018750 0.151667
2 0.434375 0.520833 0.054167 0.065000
8 0.540625 0.509167 0.022917 0.095000
8 0.561458 0.509167 0.020833 0.095000
8 0.561458 0.505000 0.012500 0.083333
8 0.573958 0.505833 0.022917 0.105000
8 0.658333 0.500833 0.027083 0.131667
2 0.851042 0.680000 0.291667 0.636667
8 0.839583 0.495000 0.027083 0.130000
8 0.836979 0.488333 0.013542 0.140000
