8 0.955990 0.461250 0.027604 0.099167
2 0.121875 0.551667 0.097917 0.106667
2 0.122396 0.556667 0.076042 0.083333
8 0.130729 0.546667 0.053125 0.140000
8 0.133333 0.546667 0.025000 0.130000
2 0.227083 0.540000 0.085417 0.100000
2 0.286458 0.526667 0.029167 0.053333
2 0.313021 0.515833 0.030208 0.045000
2 0.432292 0.519167 0.056250 0.068333
2 0.435937 0.519167 0.046875 0.058333
8 0.503125 0.519167 0.025000 0.125000
8 0.525000 0.525833 0.020833 0.118333
8 0.564063 0.520833 0.019792 0.125000
8 0.619271 0.503333 0.028125 0.130000
2 0.934896 0.535833 0.126042 0.161667
