2 0.204687 0.640833 0.407292 0.371667
8 0.343750 0.492500 0.027083 0.061667
8 0.404167 0.529167 0.039583 0.135000
2 0.434375 0.520833 0.054167 0.065000
8 0.435417 0.519167 0.025000 0.125000
8 0.476562 0.523333 0.036458 0.146667
8 0.520833 0.510833 0.022917 0.095000
8 0.519271 0.500833 0.015625 0.078333
8 0.538021 0.508333 0.017708 0.103333
8 0.901042 0.480833 0.035417 0.138333
8 0.902604 0.478333 0.026042 0.143333
8 0.945833 0.481667 0.033333 0.143333
8 0.984375 0.480833 0.029167 0.158333
8 0.984896 0.471667 0.021875 0.140000
