2 0.044010 0.618750 0.086979 0.162500
2 0.176563 0.595000 0.111458 0.113333
2 0.183854 0.588333 0.101042 0.106667
2 0.240625 0.574167 0.041667 0.098333
2 0.246875 0.575833 0.031250 0.075000
2 0.271875 0.568333 0.027083 0.070000
2 0.297917 0.559167 0.029167 0.058333
2 0.382292 0.582500 0.093750 0.115000
2 0.492708 0.551667 0.025000 0.080000
2 0.529687 0.567500 0.069792 0.125000
2 0.528646 0.561667 0.067708 0.106667
8 0.646875 0.566667 0.037500 0.093333
8 0.662500 0.540000 0.041667 0.106667
8 0.659375 0.526667 0.018750 0.070000
8 0.696875 0.544167 0.014583 0.075000
8 0.846875 0.536667 0.035417 0.200000
