2 0.471615 0.536250 0.070312 0.065833
8 0.721615 0.525000 0.019271 0.076667
8 0.698958 0.526250 0.015625 0.080833
8 0.683333 0.530417 0.014583 0.069167
6 0.660417 0.527917 0.025000 0.087500
8 0.642448 0.528750 0.022396 0.077500
2 0.119792 0.540833 0.077083 0.081667
2 0.178646 0.540000 0.046875 0.066667
2 0.329688 0.652500 0.330208 0.425000
6 0.509375 0.530000 0.033333 0.073333
8 0.524479 0.517500 0.013542 0.068333
8 0.536458 0.516667 0.014583 0.066667
8 0.586458 0.530833 0.056250 0.088333
8 0.590625 0.526667 0.025000 0.073333
2 0.916667 0.517500 0.158333 0.101667
