2 0.209375 0.512500 0.039583 0.085000
2 0.239583 0.508333 0.039583 0.076667
8 0.473958 0.493333 0.010417 0.056667
2 0.487500 0.501667 0.014583 0.056667
2 0.513021 0.497500 0.036458 0.085000
2 0.531250 0.501667 0.039583 0.073333
8 0.893490 0.487917 0.031771 0.140833
8 0.852083 0.500000 0.028125 0.136667
2 0.123438 0.535833 0.157292 0.098333
8 0.121354 0.621667 0.117708 0.543333
2 0.300521 0.513333 0.069792 0.086667
2 0.353125 0.500833 0.050000 0.055000
2 0.415104 0.510000 0.061458 0.086667
8 0.713542 0.519167 0.043750 0.098333
8 0.707812 0.464167 0.028125 0.061667
8 0.735417 0.508333 0.045833 0.160000
8 0.767708 0.495833 0.022917 0.145000
8 0.819792 0.509167 0.041667 0.138333
8 0.932813 0.525000 0.032292 0.113333
8 0.968750 0.502500 0.043750 0.155000
