8 0.035937 0.545833 0.017708 0.101667
8 0.048958 0.571667 0.016667 0.053333
8 0.065625 0.548333 0.025000 0.123333
8 0.067708 0.545833 0.018750 0.111667
2 0.126562 0.555833 0.078125 0.081667
2 0.227083 0.545000 0.083333 0.093333
2 0.282292 0.529167 0.031250 0.065000
2 0.309896 0.519167 0.030208 0.065000
2 0.434896 0.530833 0.140625 0.121667
8 0.508854 0.501667 0.013542 0.083333
8 0.520833 0.505833 0.018750 0.085000
8 0.523958 0.501667 0.014583 0.080000
8 0.540104 0.497500 0.015625 0.081667
8 0.540625 0.499167 0.014583 0.091667
8 0.907813 0.473333 0.021875 0.123333
8 0.921354 0.477500 0.017708 0.131667
8 0.938021 0.477500 0.019792 0.121667
8 0.985417 0.480000 0.025000 0.160000
