2 0.934375 0.534583 0.130208 0.130833
6 0.014063 0.549167 0.027083 0.078333
8 0.079687 0.533333 0.023958 0.080000
8 0.085417 0.534167 0.018750 0.075000
8 0.102083 0.530000 0.025000 0.073333
2 0.174479 0.519167 0.078125 0.075000
2 0.243229 0.510000 0.061458 0.053333
8 0.302604 0.596667 0.123958 0.373333
8 0.286458 0.516667 0.016667 0.076667
2 0.330729 0.460833 0.096875 0.125000
5 0.329688 0.471667 0.090625 0.140000
8 0.319271 0.503333 0.019792 0.076667
8 0.341146 0.504167 0.019792 0.078333
8 0.347396 0.515000 0.015625 0.063333
8 0.361979 0.507500 0.017708 0.068333
8 0.364063 0.515000 0.011458 0.066667
2 0.688021 0.545000 0.344792 0.170000
2 0.841146 0.516667 0.105208 0.076667
