2 0.119792 0.540833 0.077083 0.081667
2 0.329688 0.653333 0.328125 0.426667
2 0.482812 0.521667 0.059375 0.106667
6 0.506250 0.525000 0.027083 0.083333
6 0.509375 0.530000 0.033333 0.073333
8 0.525521 0.515833 0.013542 0.071667
8 0.539583 0.515833 0.014583 0.071667
8 0.604688 0.529167 0.055208 0.085000
8 0.609375 0.525833 0.022917 0.071667
6 0.659896 0.524167 0.032292 0.088333
6 0.662500 0.527500 0.025000 0.088333
8 0.681771 0.530000 0.021875 0.076667
8 0.698958 0.525000 0.020833 0.090000
8 0.724479 0.522500 0.021875 0.088333
8 0.726042 0.517500 0.022917 0.071667
