2 0.030729 0.566667 0.061458 0.206667
2 0.035937 0.590000 0.071875 0.193333
2 0.086979 0.557500 0.094792 0.195000
2 0.112500 0.535000 0.072917 0.136667
2 0.123958 0.530833 0.052083 0.141667
2 0.173437 0.540833 0.084375 0.145000
2 0.178646 0.536667 0.088542 0.120000
8 0.230729 0.507500 0.032292 0.145000
8 0.230208 0.505833 0.025000 0.141667
2 0.298438 0.521667 0.101042 0.073333
8 0.261458 0.509167 0.025000 0.131667
8 0.261458 0.509167 0.022917 0.111667
2 0.298958 0.522500 0.093750 0.078333
2 0.334896 0.507500 0.063542 0.068333
2 0.358333 0.507500 0.102083 0.078333
5 0.351042 0.515000 0.022917 0.080000
5 0.376563 0.507500 0.067708 0.078333
5 0.448958 0.480000 0.056250 0.123333
5 0.453125 0.482500 0.056250 0.121667
2 0.510938 0.519167 0.044792 0.058333
2 0.513021 0.521667 0.046875 0.060000
5 0.519792 0.455000 0.058333 0.086667
5 0.517188 0.476667 0.053125 0.126667
8 0.595313 0.553333 0.057292 0.356667
8 0.648438 0.550000 0.071875 0.356667
8 0.668229 0.500000 0.028125 0.133333
