8 0.933594 0.476250 0.040104 0.202500
8 0.957812 0.472500 0.035417 0.218333
8 0.905729 0.457500 0.025000 0.215000
8 0.405469 0.490417 0.009896 0.050833
2 0.102604 0.521667 0.111458 0.056667
6 0.245312 0.505000 0.023958 0.046667
6 0.247396 0.511667 0.028125 0.053333
2 0.460417 0.485833 0.056250 0.055000
2 0.505729 0.500000 0.044792 0.040000
2 0.505729 0.495000 0.040625 0.033333
2 0.557813 0.460000 0.069792 0.100000
5 0.559896 0.457500 0.069792 0.098333
8 0.646354 0.505000 0.034375 0.110000
8 0.688021 0.510833 0.023958 0.098333
8 0.714063 0.500833 0.038542 0.105000
2 0.828125 0.493333 0.085417 0.043333
8 0.856250 0.500000 0.027083 0.096667
