8 0.054948 0.535417 0.044271 0.149167
2 0.047917 0.542500 0.094792 0.088333
2 0.047396 0.546667 0.093750 0.093333
2 0.107292 0.545833 0.052083 0.081667
8 0.183333 0.528333 0.081250 0.270000
2 0.185417 0.521667 0.058333 0.250000
2 0.318229 0.539167 0.226042 0.135000
2 0.493750 0.540833 0.022917 0.045000
2 0.522917 0.542500 0.037500 0.065000
2 0.532292 0.542500 0.045833 0.065000
2 0.575000 0.548333 0.068750 0.070000
2 0.654167 0.557500 0.056250 0.078333
2 0.743750 0.570833 0.093750 0.198333
2 0.878646 0.605000 0.238542 0.320000
